PROFILE_5m_20211018.EE.bin
         5.00
11
0
Type of measurement (0=app. resistivity,1=resistance)
1
1170
 2
0
4  0.00  0.00 135.00  0.00 45.00  0.00 90.00  0.00 0.17283 
4  0.00  0.00 120.00  0.00 40.00  0.00 80.00  0.00 0.17376 
4  0.00  0.00 105.00  0.00 35.00  0.00 70.00  0.00 0.18002 
4  0.00  0.00 90.00  0.00 30.00  0.00 60.00  0.00 0.19554 
4  0.00  0.00 75.00  0.00 25.00  0.00 50.00  0.00 0.23475 
4  0.00  0.00 60.00  0.00 20.00  0.00 40.00  0.00 0.30874 
4  0.00  0.00 45.00  0.00 15.00  0.00 30.00  0.00 0.41444 
4  0.00  0.00 30.00  0.00 10.00  0.00 20.00  0.00 0.63828 
4  0.00  0.00 15.00  0.00 5.00  0.00 10.00  0.00 1.49932 
4  5.00  0.00 140.00  0.00 50.00  0.00 95.00  0.00 0.17909 
4  5.00  0.00 125.00  0.00 45.00  0.00 85.00  0.00 0.17804 
4  5.00  0.00 110.00  0.00 40.00  0.00 75.00  0.00 0.18486 
4  5.00  0.00 95.00  0.00 35.00  0.00 65.00  0.00 0.19795 
4  5.00  0.00 80.00  0.00 30.00  0.00 55.00  0.00 0.22738 
4  5.00  0.00 65.00  0.00 25.00  0.00 45.00  0.00 0.30436 
4  5.00  0.00 50.00  0.00 20.00  0.00 35.00  0.00 0.41708 
4  5.00  0.00 35.00  0.00 15.00  0.00 25.00  0.00 0.64414 
4  5.00  0.00 20.00  0.00 10.00  0.00 15.00  0.00 1.37314 
4  10.00  0.00 145.00  0.00 55.00  0.00 100.00  0.00 0.18608 
4  10.00  0.00 130.00  0.00 50.00  0.00 90.00  0.00 0.18628 
4  10.00  0.00 115.00  0.00 45.00  0.00 80.00  0.00 0.18781 
4  10.00  0.00 100.00  0.00 40.00  0.00 70.00  0.00 0.19728 
4  10.00  0.00 85.00  0.00 35.00  0.00 60.00  0.00 0.22429 
4  10.00  0.00 70.00  0.00 30.00  0.00 50.00  0.00 0.29199 
4  10.00  0.00 55.00  0.00 25.00  0.00 40.00  0.00 0.42471 
4  10.00  0.00 40.00  0.00 20.00  0.00 30.00  0.00 0.62608 
4  10.00  0.00 25.00  0.00 15.00  0.00 20.00  0.00 1.48388 
4  15.00  0.00 150.00  0.00 60.00  0.00 105.00  0.00 0.18743 
4  15.00  0.00 135.00  0.00 55.00  0.00 95.00  0.00 0.19253 
4  15.00  0.00 120.00  0.00 50.00  0.00 85.00  0.00 0.19713 
4  15.00  0.00 105.00  0.00 45.00  0.00 75.00  0.00 0.20467 
4  15.00  0.00 90.00  0.00 40.00  0.00 65.00  0.00 0.22392 
4  15.00  0.00 75.00  0.00 35.00  0.00 55.00  0.00 0.28154 
4  15.00  0.00 60.00  0.00 30.00  0.00 45.00  0.00 0.41277 
4  15.00  0.00 45.00  0.00 25.00  0.00 35.00  0.00 0.63453 
4  15.00  0.00 30.00  0.00 20.00  0.00 25.00  0.00 1.40568 
4  20.00  0.00 155.00  0.00 65.00  0.00 110.00  0.00 0.18697 
4  20.00  0.00 140.00  0.00 60.00  0.00 100.00  0.00 0.19252 
4  20.00  0.00 125.00  0.00 55.00  0.00 90.00  0.00 0.20351 
4  20.00  0.00 110.00  0.00 50.00  0.00 80.00  0.00 0.20848 
4  20.00  0.00 95.00  0.00 45.00  0.00 70.00  0.00 0.22735 
4  20.00  0.00 80.00  0.00 40.00  0.00 60.00  0.00 0.28679 
4  20.00  0.00 65.00  0.00 35.00  0.00 50.00  0.00 0.40317 
4  20.00  0.00 50.00  0.00 30.00  0.00 40.00  0.00 0.67220 
4  20.00  0.00 35.00  0.00 25.00  0.00 30.00  0.00 1.51116 
4  25.00  0.00 160.00  0.00 70.00  0.00 115.00  0.00 0.18699 
4  25.00  0.00 145.00  0.00 65.00  0.00 105.00  0.00 0.19440 
4  25.00  0.00 130.00  0.00 60.00  0.00 95.00  0.00 0.20537 
4  25.00  0.00 115.00  0.00 55.00  0.00 85.00  0.00 0.21881 
4  25.00  0.00 100.00  0.00 50.00  0.00 75.00  0.00 0.23634 
4  25.00  0.00 85.00  0.00 45.00  0.00 65.00  0.00 0.28506 
4  25.00  0.00 70.00  0.00 40.00  0.00 55.00  0.00 0.39086 
4  25.00  0.00 55.00  0.00 35.00  0.00 45.00  0.00 0.70163 
4  25.00  0.00 40.00  0.00 30.00  0.00 35.00  0.00 1.43825 
4  30.00  0.00 165.00  0.00 75.00  0.00 120.00  0.00 0.18888 
4  30.00  0.00 150.00  0.00 70.00  0.00 110.00  0.00 0.18770 
4  30.00  0.00 135.00  0.00 65.00  0.00 100.00  0.00 0.20617 
4  30.00  0.00 120.00  0.00 60.00  0.00 90.00  0.00 0.22523 
4  30.00  0.00 105.00  0.00 55.00  0.00 80.00  0.00 0.24565 
4  30.00  0.00 90.00  0.00 50.00  0.00 70.00  0.00 0.29493 
4  30.00  0.00 75.00  0.00 45.00  0.00 60.00  0.00 0.40946 
4  30.00  0.00 60.00  0.00 40.00  0.00 50.00  0.00 0.65970 
4  30.00  0.00 45.00  0.00 35.00  0.00 40.00  0.00 1.52914 
4  35.00  0.00 170.00  0.00 80.00  0.00 125.00  0.00 0.18922 
4  35.00  0.00 155.00  0.00 75.00  0.00 115.00  0.00 0.19621 
4  35.00  0.00 140.00  0.00 70.00  0.00 105.00  0.00 0.20718 
4  35.00  0.00 125.00  0.00 65.00  0.00 95.00  0.00 0.22467 
4  35.00  0.00 110.00  0.00 60.00  0.00 85.00  0.00 0.25191 
4  35.00  0.00 95.00  0.00 55.00  0.00 75.00  0.00 0.30130 
4  35.00  0.00 80.00  0.00 50.00  0.00 65.00  0.00 0.42771 
4  35.00  0.00 65.00  0.00 45.00  0.00 55.00  0.00 0.64289 
4  35.00  0.00 50.00  0.00 40.00  0.00 45.00  0.00 1.59719 
4  40.00  0.00 175.00  0.00 85.00  0.00 130.00  0.00 0.18682 
4  40.00  0.00 160.00  0.00 80.00  0.00 120.00  0.00 0.19718 
4  40.00  0.00 145.00  0.00 75.00  0.00 110.00  0.00 0.20572 
4  40.00  0.00 130.00  0.00 70.00  0.00 100.00  0.00 0.22378 
4  40.00  0.00 115.00  0.00 65.00  0.00 90.00  0.00 0.25992 
4  40.00  0.00 100.00  0.00 60.00  0.00 80.00  0.00 0.30155 
4  40.00  0.00 85.00  0.00 55.00  0.00 70.00  0.00 0.43999 
4  40.00  0.00 70.00  0.00 50.00  0.00 60.00  0.00 0.70677 
4  40.00  0.00 55.00  0.00 45.00  0.00 50.00  0.00 1.60019 
4  45.00  0.00 180.00  0.00 90.00  0.00 135.00  0.00 0.18335 
4  45.00  0.00 165.00  0.00 85.00  0.00 125.00  0.00 0.19255 
4  45.00  0.00 150.00  0.00 80.00  0.00 115.00  0.00 0.20535 
4  45.00  0.00 135.00  0.00 75.00  0.00 105.00  0.00 0.22569 
4  45.00  0.00 120.00  0.00 70.00  0.00 95.00  0.00 0.26303 
4  45.00  0.00 105.00  0.00 65.00  0.00 85.00  0.00 0.31208 
4  45.00  0.00 90.00  0.00 60.00  0.00 75.00  0.00 0.42343 
4  45.00  0.00 75.00  0.00 55.00  0.00 65.00  0.00 0.75933 
4  45.00  0.00 60.00  0.00 50.00  0.00 55.00  0.00 1.58951 
4  50.00  0.00 185.00  0.00 95.00  0.00 140.00  0.00 0.17782 
4  50.00  0.00 170.00  0.00 90.00  0.00 130.00  0.00 0.18865 
4  50.00  0.00 155.00  0.00 85.00  0.00 120.00  0.00 0.19869 
4  50.00  0.00 140.00  0.00 80.00  0.00 110.00  0.00 0.21698 
4  50.00  0.00 125.00  0.00 75.00  0.00 100.00  0.00 0.25577 
4  50.00  0.00 110.00  0.00 70.00  0.00 90.00  0.00 0.31089 
4  50.00  0.00 95.00  0.00 65.00  0.00 80.00  0.00 0.41100 
4  50.00  0.00 80.00  0.00 60.00  0.00 70.00  0.00 0.72531 
4  50.00  0.00 65.00  0.00 55.00  0.00 60.00  0.00 1.63374 
4  55.00  0.00 190.00  0.00 100.00  0.00 145.00  0.00 0.17530 
4  55.00  0.00 175.00  0.00 95.00  0.00 135.00  0.00 0.18876 
4  55.00  0.00 160.00  0.00 90.00  0.00 125.00  0.00 0.20029 
4  55.00  0.00 145.00  0.00 85.00  0.00 115.00  0.00 0.21739 
4  55.00  0.00 130.00  0.00 80.00  0.00 105.00  0.00 0.25258 
4  55.00  0.00 115.00  0.00 75.00  0.00 95.00  0.00 0.31167 
4  55.00  0.00 100.00  0.00 70.00  0.00 85.00  0.00 0.40384 
4  55.00  0.00 85.00  0.00 65.00  0.00 75.00  0.00 0.66148 
4  55.00  0.00 70.00  0.00 60.00  0.00 65.00  0.00 1.44918 
4  60.00  0.00 195.00  0.00 105.00  0.00 150.00  0.00 0.16871 
4  60.00  0.00 180.00  0.00 100.00  0.00 140.00  0.00 0.18491 
4  60.00  0.00 165.00  0.00 95.00  0.00 130.00  0.00 0.19958 
4  60.00  0.00 150.00  0.00 90.00  0.00 120.00  0.00 0.21801 
4  60.00  0.00 135.00  0.00 85.00  0.00 110.00  0.00 0.24262 
4  60.00  0.00 120.00  0.00 80.00  0.00 100.00  0.00 0.31284 
4  60.00  0.00 105.00  0.00 75.00  0.00 90.00  0.00 0.41456 
4  60.00  0.00 90.00  0.00 70.00  0.00 80.00  0.00 0.63519 
4  60.00  0.00 75.00  0.00 65.00  0.00 70.00  0.00 1.49014 
4  65.00  0.00 200.00  0.00 110.00  0.00 155.00  0.00 0.15990 
4  65.00  0.00 185.00  0.00 105.00  0.00 145.00  0.00 0.18392 
4  65.00  0.00 170.00  0.00 100.00  0.00 135.00  0.00 0.19698 
4  65.00  0.00 155.00  0.00 95.00  0.00 125.00  0.00 0.21661 
4  65.00  0.00 140.00  0.00 90.00  0.00 115.00  0.00 0.24259 
4  65.00  0.00 125.00  0.00 85.00  0.00 105.00  0.00 0.30069 
4  65.00  0.00 110.00  0.00 80.00  0.00 95.00  0.00 0.40844 
4  65.00  0.00 95.00  0.00 75.00  0.00 85.00  0.00 0.63689 
4  65.00  0.00 80.00  0.00 70.00  0.00 75.00  0.00 1.39520 
4  70.00  0.00 205.00  0.00 115.00  0.00 160.00  0.00 0.15400 
4  70.00  0.00 190.00  0.00 110.00  0.00 150.00  0.00 0.18328 
4  70.00  0.00 175.00  0.00 105.00  0.00 140.00  0.00 0.19982 
4  70.00  0.00 160.00  0.00 100.00  0.00 130.00  0.00 0.21576 
4  70.00  0.00 145.00  0.00 95.00  0.00 120.00  0.00 0.24109 
4  70.00  0.00 130.00  0.00 90.00  0.00 110.00  0.00 0.28806 
4  70.00  0.00 115.00  0.00 85.00  0.00 100.00  0.00 0.39736 
4  70.00  0.00 100.00  0.00 80.00  0.00 90.00  0.00 0.63275 
4  70.00  0.00 85.00  0.00 75.00  0.00 80.00  0.00 1.44150 
4  75.00  0.00 210.00  0.00 120.00  0.00 165.00  0.00 0.14919 
4  75.00  0.00 195.00  0.00 115.00  0.00 155.00  0.00 0.17531 
4  75.00  0.00 180.00  0.00 110.00  0.00 145.00  0.00 0.20009 
4  75.00  0.00 165.00  0.00 105.00  0.00 135.00  0.00 0.21918 
4  75.00  0.00 150.00  0.00 100.00  0.00 125.00  0.00 0.24512 
4  75.00  0.00 135.00  0.00 95.00  0.00 115.00  0.00 0.28248 
4  75.00  0.00 120.00  0.00 90.00  0.00 105.00  0.00 0.38097 
4  75.00  0.00 105.00  0.00 85.00  0.00 95.00  0.00 0.59385 
4  75.00  0.00 90.00  0.00 80.00  0.00 85.00  0.00 1.37580 
4  80.00  0.00 215.00  0.00 125.00  0.00 170.00  0.00 0.14260 
4  80.00  0.00 200.00  0.00 120.00  0.00 160.00  0.00 0.16793 
4  80.00  0.00 185.00  0.00 115.00  0.00 150.00  0.00 0.19902 
4  80.00  0.00 170.00  0.00 110.00  0.00 140.00  0.00 0.22131 
4  80.00  0.00 155.00  0.00 105.00  0.00 130.00  0.00 0.24474 
4  80.00  0.00 140.00  0.00 100.00  0.00 120.00  0.00 0.28078 
4  80.00  0.00 125.00  0.00 95.00  0.00 110.00  0.00 0.36093 
4  80.00  0.00 110.00  0.00 90.00  0.00 100.00  0.00 0.55143 
4  80.00  0.00 95.00  0.00 85.00  0.00 90.00  0.00 1.27035 
4  85.00  0.00 220.00  0.00 130.00  0.00 175.00  0.00 0.14359 
4  85.00  0.00 205.00  0.00 125.00  0.00 165.00  0.00 0.15929 
4  85.00  0.00 190.00  0.00 120.00  0.00 155.00  0.00 0.19730 
4  85.00  0.00 175.00  0.00 115.00  0.00 145.00  0.00 0.22360 
4  85.00  0.00 160.00  0.00 110.00  0.00 135.00  0.00 0.25173 
4  85.00  0.00 145.00  0.00 105.00  0.00 125.00  0.00 0.28752 
4  85.00  0.00 130.00  0.00 100.00  0.00 115.00  0.00 0.36605 
4  85.00  0.00 115.00  0.00 95.00  0.00 105.00  0.00 0.54111 
4  85.00  0.00 100.00  0.00 90.00  0.00 95.00  0.00 1.18624 
4  90.00  0.00 225.00  0.00 135.00  0.00 180.00  0.00 0.14335 
4  90.00  0.00 210.00  0.00 130.00  0.00 170.00  0.00 0.15400 
4  90.00  0.00 195.00  0.00 125.00  0.00 160.00  0.00 0.18546 
4  90.00  0.00 180.00  0.00 120.00  0.00 150.00  0.00 0.22107 
4  90.00  0.00 165.00  0.00 115.00  0.00 140.00  0.00 0.24880 
4  90.00  0.00 150.00  0.00 110.00  0.00 130.00  0.00 0.29516 
4  90.00  0.00 135.00  0.00 105.00  0.00 120.00  0.00 0.35906 
4  90.00  0.00 120.00  0.00 100.00  0.00 110.00  0.00 0.53241 
4  90.00  0.00 105.00  0.00 95.00  0.00 100.00  0.00 1.11079 
4  95.00  0.00 230.00  0.00 140.00  0.00 185.00  0.00 0.14463 
4  95.00  0.00 215.00  0.00 135.00  0.00 175.00  0.00 0.15030 
4  95.00  0.00 200.00  0.00 130.00  0.00 165.00  0.00 0.17443 
4  95.00  0.00 185.00  0.00 125.00  0.00 155.00  0.00 0.21492 
4  95.00  0.00 170.00  0.00 120.00  0.00 145.00  0.00 0.25176 
4  95.00  0.00 155.00  0.00 115.00  0.00 135.00  0.00 0.29893 
4  95.00  0.00 140.00  0.00 110.00  0.00 125.00  0.00 0.37769 
4  95.00  0.00 125.00  0.00 105.00  0.00 115.00  0.00 0.54347 
4  95.00  0.00 110.00  0.00 100.00  0.00 105.00  0.00 1.07495 
4  100.00  0.00 235.00  0.00 145.00  0.00 190.00  0.00 0.14373 
4  100.00  0.00 220.00  0.00 140.00  0.00 180.00  0.00 0.15211 
4  100.00  0.00 205.00  0.00 135.00  0.00 170.00  0.00 0.16249 
4  100.00  0.00 190.00  0.00 130.00  0.00 160.00  0.00 0.21145 
4  100.00  0.00 175.00  0.00 125.00  0.00 150.00  0.00 0.24417 
4  100.00  0.00 160.00  0.00 120.00  0.00 140.00  0.00 0.30050 
4  100.00  0.00 145.00  0.00 115.00  0.00 130.00  0.00 0.36930 
4  100.00  0.00 130.00  0.00 110.00  0.00 120.00  0.00 0.55946 
4  100.00  0.00 115.00  0.00 105.00  0.00 110.00  0.00 1.01988 
4  105.00  0.00 240.00  0.00 150.00  0.00 195.00  0.00 0.14999 
4  105.00  0.00 225.00  0.00 145.00  0.00 185.00  0.00 0.14997 
4  105.00  0.00 210.00  0.00 140.00  0.00 175.00  0.00 0.15829 
4  105.00  0.00 195.00  0.00 135.00  0.00 165.00  0.00 0.19752 
4  105.00  0.00 180.00  0.00 130.00  0.00 155.00  0.00 0.23841 
4  105.00  0.00 165.00  0.00 125.00  0.00 145.00  0.00 0.29172 
4  105.00  0.00 150.00  0.00 120.00  0.00 135.00  0.00 0.38060 
4  105.00  0.00 135.00  0.00 115.00  0.00 125.00  0.00 0.55682 
4  105.00  0.00 120.00  0.00 110.00  0.00 115.00  0.00 1.10607 
4  110.00  0.00 245.00  0.00 155.00  0.00 200.00  0.00 0.16061 
4  110.00  0.00 230.00  0.00 150.00  0.00 190.00  0.00 0.15104 
4  110.00  0.00 215.00  0.00 145.00  0.00 180.00  0.00 0.15874 
4  110.00  0.00 200.00  0.00 140.00  0.00 170.00  0.00 0.18019 
4  110.00  0.00 185.00  0.00 135.00  0.00 160.00  0.00 0.23491 
4  110.00  0.00 170.00  0.00 130.00  0.00 150.00  0.00 0.28952 
4  110.00  0.00 155.00  0.00 125.00  0.00 140.00  0.00 0.36884 
4  110.00  0.00 140.00  0.00 120.00  0.00 130.00  0.00 0.55759 
4  110.00  0.00 125.00  0.00 115.00  0.00 120.00  0.00 1.08031 
4  115.00  0.00 250.00  0.00 160.00  0.00 205.00  0.00 0.16739 
4  115.00  0.00 235.00  0.00 155.00  0.00 195.00  0.00 0.16381 
4  115.00  0.00 220.00  0.00 150.00  0.00 185.00  0.00 0.16012 
4  115.00  0.00 205.00  0.00 145.00  0.00 175.00  0.00 0.17689 
4  115.00  0.00 190.00  0.00 140.00  0.00 165.00  0.00 0.23427 
4  115.00  0.00 175.00  0.00 135.00  0.00 155.00  0.00 0.28296 
4  115.00  0.00 160.00  0.00 130.00  0.00 145.00  0.00 0.37445 
4  115.00  0.00 145.00  0.00 125.00  0.00 135.00  0.00 0.56048 
4  115.00  0.00 130.00  0.00 120.00  0.00 125.00  0.00 1.20712 
4  120.00  0.00 255.00  0.00 165.00  0.00 210.00  0.00 0.16682 
4  120.00  0.00 240.00  0.00 160.00  0.00 200.00  0.00 0.17508 
4  120.00  0.00 225.00  0.00 155.00  0.00 190.00  0.00 0.16364 
4  120.00  0.00 210.00  0.00 150.00  0.00 180.00  0.00 0.17254 
4  120.00  0.00 195.00  0.00 145.00  0.00 170.00  0.00 0.22554 
4  120.00  0.00 180.00  0.00 140.00  0.00 160.00  0.00 0.28069 
4  120.00  0.00 165.00  0.00 135.00  0.00 150.00  0.00 0.36525 
4  120.00  0.00 150.00  0.00 130.00  0.00 140.00  0.00 0.55588 
4  120.00  0.00 135.00  0.00 125.00  0.00 130.00  0.00 1.12398 
4  125.00  0.00 260.00  0.00 170.00  0.00 215.00  0.00 0.17075 
4  125.00  0.00 245.00  0.00 165.00  0.00 205.00  0.00 0.17604 
4  125.00  0.00 230.00  0.00 160.00  0.00 195.00  0.00 0.17786 
4  125.00  0.00 215.00  0.00 155.00  0.00 185.00  0.00 0.17940 
4  125.00  0.00 200.00  0.00 150.00  0.00 175.00  0.00 0.20876 
4  125.00  0.00 185.00  0.00 145.00  0.00 165.00  0.00 0.27997 
4  125.00  0.00 170.00  0.00 140.00  0.00 155.00  0.00 0.36510 
4  125.00  0.00 155.00  0.00 135.00  0.00 145.00  0.00 0.52801 
4  125.00  0.00 140.00  0.00 130.00  0.00 135.00  0.00 1.20489 
4  130.00  0.00 265.00  0.00 175.00  0.00 220.00  0.00 0.17089 
4  130.00  0.00 250.00  0.00 170.00  0.00 210.00  0.00 0.18471 
4  130.00  0.00 235.00  0.00 165.00  0.00 200.00  0.00 0.19418 
4  130.00  0.00 220.00  0.00 160.00  0.00 190.00  0.00 0.18328 
4  130.00  0.00 205.00  0.00 155.00  0.00 180.00  0.00 0.20621 
4  130.00  0.00 190.00  0.00 150.00  0.00 170.00  0.00 0.28056 
4  130.00  0.00 175.00  0.00 145.00  0.00 160.00  0.00 0.35394 
4  130.00  0.00 160.00  0.00 140.00  0.00 150.00  0.00 0.52050 
4  130.00  0.00 145.00  0.00 135.00  0.00 140.00  0.00 1.05116 
4  135.00  0.00 270.00  0.00 180.00  0.00 225.00  0.00 0.17821 
4  135.00  0.00 255.00  0.00 175.00  0.00 215.00  0.00 0.18268 
4  135.00  0.00 240.00  0.00 170.00  0.00 205.00  0.00 0.19962 
4  135.00  0.00 225.00  0.00 165.00  0.00 195.00  0.00 0.19710 
4  135.00  0.00 210.00  0.00 160.00  0.00 185.00  0.00 0.20474 
4  135.00  0.00 195.00  0.00 155.00  0.00 175.00  0.00 0.27518 
4  135.00  0.00 180.00  0.00 150.00  0.00 165.00  0.00 0.35183 
4  135.00  0.00 165.00  0.00 145.00  0.00 155.00  0.00 0.50308 
4  135.00  0.00 150.00  0.00 140.00  0.00 145.00  0.00 1.02641 
4  140.00  0.00 275.00  0.00 185.00  0.00 230.00  0.00 0.17384 
4  140.00  0.00 260.00  0.00 180.00  0.00 220.00  0.00 0.18339 
4  140.00  0.00 245.00  0.00 175.00  0.00 210.00  0.00 0.20577 
4  140.00  0.00 230.00  0.00 170.00  0.00 200.00  0.00 0.21558 
4  140.00  0.00 215.00  0.00 165.00  0.00 190.00  0.00 0.20690 
4  140.00  0.00 200.00  0.00 160.00  0.00 180.00  0.00 0.25919 
4  140.00  0.00 185.00  0.00 155.00  0.00 170.00  0.00 0.35232 
4  140.00  0.00 170.00  0.00 150.00  0.00 160.00  0.00 0.47984 
4  140.00  0.00 155.00  0.00 145.00  0.00 150.00  0.00 0.96938 
4  145.00  0.00 280.00  0.00 190.00  0.00 235.00  0.00 0.17345 
4  145.00  0.00 265.00  0.00 185.00  0.00 225.00  0.00 0.19152 
4  145.00  0.00 250.00  0.00 180.00  0.00 215.00  0.00 0.19896 
4  145.00  0.00 235.00  0.00 175.00  0.00 205.00  0.00 0.23334 
4  145.00  0.00 220.00  0.00 170.00  0.00 195.00  0.00 0.22148 
4  145.00  0.00 205.00  0.00 165.00  0.00 185.00  0.00 0.24762 
4  145.00  0.00 190.00  0.00 160.00  0.00 175.00  0.00 0.36371 
4  145.00  0.00 175.00  0.00 155.00  0.00 165.00  0.00 0.48325 
4  145.00  0.00 160.00  0.00 150.00  0.00 155.00  0.00 0.94352 
4  150.00  0.00 285.00  0.00 195.00  0.00 240.00  0.00 0.16588 
4  150.00  0.00 270.00  0.00 190.00  0.00 230.00  0.00 0.18892 
4  150.00  0.00 255.00  0.00 185.00  0.00 220.00  0.00 0.19801 
4  150.00  0.00 240.00  0.00 180.00  0.00 210.00  0.00 0.23015 
4  150.00  0.00 225.00  0.00 175.00  0.00 200.00  0.00 0.24791 
4  150.00  0.00 210.00  0.00 170.00  0.00 190.00  0.00 0.24456 
4  150.00  0.00 195.00  0.00 165.00  0.00 180.00  0.00 0.35430 
4  150.00  0.00 180.00  0.00 160.00  0.00 170.00  0.00 0.48881 
4  150.00  0.00 165.00  0.00 155.00  0.00 160.00  0.00 0.89440 
4  155.00  0.00 290.00  0.00 200.00  0.00 245.00  0.00 0.15085 
4  155.00  0.00 275.00  0.00 195.00  0.00 235.00  0.00 0.17616 
4  155.00  0.00 260.00  0.00 190.00  0.00 225.00  0.00 0.19612 
4  155.00  0.00 245.00  0.00 185.00  0.00 215.00  0.00 0.22425 
4  155.00  0.00 230.00  0.00 180.00  0.00 205.00  0.00 0.26155 
4  155.00  0.00 215.00  0.00 175.00  0.00 195.00  0.00 0.26633 
4  155.00  0.00 200.00  0.00 170.00  0.00 185.00  0.00 0.32279 
4  155.00  0.00 185.00  0.00 165.00  0.00 175.00  0.00 0.48075 
4  155.00  0.00 170.00  0.00 160.00  0.00 165.00  0.00 0.93126 
4  160.00  0.00 295.00  0.00 205.00  0.00 250.00  0.00 0.14550 
4  160.00  0.00 280.00  0.00 200.00  0.00 240.00  0.00 0.16152 
4  160.00  0.00 265.00  0.00 195.00  0.00 230.00  0.00 0.18447 
4  160.00  0.00 250.00  0.00 190.00  0.00 220.00  0.00 0.22121 
4  160.00  0.00 235.00  0.00 185.00  0.00 210.00  0.00 0.26188 
4  160.00  0.00 220.00  0.00 180.00  0.00 200.00  0.00 0.29174 
4  160.00  0.00 205.00  0.00 175.00  0.00 190.00  0.00 0.31087 
4  160.00  0.00 190.00  0.00 170.00  0.00 180.00  0.00 0.50649 
4  160.00  0.00 175.00  0.00 165.00  0.00 170.00  0.00 0.92493 
4  165.00  0.00 300.00  0.00 210.00  0.00 255.00  0.00 0.13909 
4  165.00  0.00 285.00  0.00 205.00  0.00 245.00  0.00 0.15573 
4  165.00  0.00 270.00  0.00 200.00  0.00 235.00  0.00 0.16095 
4  165.00  0.00 255.00  0.00 195.00  0.00 225.00  0.00 0.19668 
4  165.00  0.00 240.00  0.00 190.00  0.00 215.00  0.00 0.25965 
4  165.00  0.00 225.00  0.00 185.00  0.00 205.00  0.00 0.30123 
4  165.00  0.00 210.00  0.00 180.00  0.00 195.00  0.00 0.32794 
4  165.00  0.00 195.00  0.00 175.00  0.00 185.00  0.00 0.50636 
4  165.00  0.00 180.00  0.00 170.00  0.00 175.00  0.00 0.89281 
4  170.00  0.00 305.00  0.00 215.00  0.00 260.00  0.00 0.13835 
4  170.00  0.00 290.00  0.00 210.00  0.00 250.00  0.00 0.14406 
4  170.00  0.00 275.00  0.00 205.00  0.00 240.00  0.00 0.15568 
4  170.00  0.00 260.00  0.00 200.00  0.00 230.00  0.00 0.17343 
4  170.00  0.00 245.00  0.00 195.00  0.00 220.00  0.00 0.23339 
4  170.00  0.00 230.00  0.00 190.00  0.00 210.00  0.00 0.31527 
4  170.00  0.00 215.00  0.00 185.00  0.00 200.00  0.00 0.37168 
4  170.00  0.00 200.00  0.00 180.00  0.00 190.00  0.00 0.45586 
4  170.00  0.00 185.00  0.00 175.00  0.00 180.00  0.00 0.94648 
4  175.00  0.00 310.00  0.00 220.00  0.00 265.00  0.00 0.13252 
4  175.00  0.00 295.00  0.00 215.00  0.00 255.00  0.00 0.14463 
4  175.00  0.00 280.00  0.00 210.00  0.00 245.00  0.00 0.15544 
4  175.00  0.00 265.00  0.00 205.00  0.00 235.00  0.00 0.16335 
4  175.00  0.00 250.00  0.00 200.00  0.00 225.00  0.00 0.19636 
4  175.00  0.00 235.00  0.00 195.00  0.00 215.00  0.00 0.29083 
4  175.00  0.00 220.00  0.00 190.00  0.00 205.00  0.00 0.39633 
4  175.00  0.00 205.00  0.00 185.00  0.00 195.00  0.00 0.49078 
4  175.00  0.00 190.00  0.00 180.00  0.00 185.00  0.00 0.95503 
4  180.00  0.00 315.00  0.00 225.00  0.00 270.00  0.00 0.14813 
4  180.00  0.00 300.00  0.00 220.00  0.00 260.00  0.00 0.14101 
4  180.00  0.00 285.00  0.00 215.00  0.00 250.00  0.00 0.15399 
4  180.00  0.00 270.00  0.00 210.00  0.00 240.00  0.00 0.16077 
4  180.00  0.00 255.00  0.00 205.00  0.00 230.00  0.00 0.17349 
4  180.00  0.00 240.00  0.00 200.00  0.00 220.00  0.00 0.24000 
4  180.00  0.00 225.00  0.00 195.00  0.00 210.00  0.00 0.37677 
4  180.00  0.00 210.00  0.00 190.00  0.00 200.00  0.00 0.57485 
4  180.00  0.00 195.00  0.00 185.00  0.00 190.00  0.00 0.97386 
4  185.00  0.00 320.00  0.00 230.00  0.00 275.00  0.00 0.15142 
4  185.00  0.00 305.00  0.00 225.00  0.00 265.00  0.00 0.14307 
4  185.00  0.00 290.00  0.00 220.00  0.00 255.00  0.00 0.15132 
4  185.00  0.00 275.00  0.00 215.00  0.00 245.00  0.00 0.16732 
4  185.00  0.00 260.00  0.00 210.00  0.00 235.00  0.00 0.16577 
4  185.00  0.00 245.00  0.00 205.00  0.00 225.00  0.00 0.20501 
4  185.00  0.00 230.00  0.00 200.00  0.00 215.00  0.00 0.31052 
4  185.00  0.00 215.00  0.00 195.00  0.00 205.00  0.00 0.57049 
4  185.00  0.00 200.00  0.00 190.00  0.00 195.00  0.00 1.10357 
4  190.00  0.00 325.00  0.00 235.00  0.00 280.00  0.00 0.16009 
4  190.00  0.00 310.00  0.00 230.00  0.00 270.00  0.00 0.15504 
4  190.00  0.00 295.00  0.00 225.00  0.00 260.00  0.00 0.14922 
4  190.00  0.00 280.00  0.00 220.00  0.00 250.00  0.00 0.16616 
4  190.00  0.00 265.00  0.00 215.00  0.00 240.00  0.00 0.17392 
4  190.00  0.00 250.00  0.00 210.00  0.00 230.00  0.00 0.18771 
4  190.00  0.00 235.00  0.00 205.00  0.00 220.00  0.00 0.27549 
4  190.00  0.00 220.00  0.00 200.00  0.00 210.00  0.00 0.46407 
4  190.00  0.00 205.00  0.00 195.00  0.00 200.00  0.00 1.21815 
4  195.00  0.00 330.00  0.00 240.00  0.00 285.00  0.00 0.16471 
4  195.00  0.00 315.00  0.00 235.00  0.00 275.00  0.00 0.16944 
4  195.00  0.00 300.00  0.00 230.00  0.00 265.00  0.00 0.15804 
4  195.00  0.00 285.00  0.00 225.00  0.00 255.00  0.00 0.17189 
4  195.00  0.00 270.00  0.00 220.00  0.00 245.00  0.00 0.19115 
4  195.00  0.00 255.00  0.00 215.00  0.00 235.00  0.00 0.18658 
4  195.00  0.00 240.00  0.00 210.00  0.00 225.00  0.00 0.25403 
4  195.00  0.00 225.00  0.00 205.00  0.00 215.00  0.00 0.42644 
4  195.00  0.00 210.00  0.00 200.00  0.00 205.00  0.00 1.10414 
4  200.00  0.00 335.00  0.00 245.00  0.00 290.00  0.00 0.17091 
4  200.00  0.00 320.00  0.00 240.00  0.00 280.00  0.00 0.16999 
4  200.00  0.00 305.00  0.00 235.00  0.00 270.00  0.00 0.17000 
4  200.00  0.00 290.00  0.00 230.00  0.00 260.00  0.00 0.17252 
4  200.00  0.00 275.00  0.00 225.00  0.00 250.00  0.00 0.20065 
4  200.00  0.00 260.00  0.00 220.00  0.00 240.00  0.00 0.20452 
4  200.00  0.00 245.00  0.00 215.00  0.00 230.00  0.00 0.25080 
4  200.00  0.00 230.00  0.00 210.00  0.00 220.00  0.00 0.40949 
4  200.00  0.00 215.00  0.00 205.00  0.00 210.00  0.00 1.03210 
4  205.00  0.00 340.00  0.00 250.00  0.00 295.00  0.00 0.17185 
4  205.00  0.00 325.00  0.00 245.00  0.00 285.00  0.00 0.17319 
4  205.00  0.00 310.00  0.00 240.00  0.00 275.00  0.00 0.17814 
4  205.00  0.00 295.00  0.00 235.00  0.00 265.00  0.00 0.17443 
4  205.00  0.00 280.00  0.00 230.00  0.00 255.00  0.00 0.20091 
4  205.00  0.00 265.00  0.00 225.00  0.00 245.00  0.00 0.23247 
4  205.00  0.00 250.00  0.00 220.00  0.00 235.00  0.00 0.24910 
4  205.00  0.00 235.00  0.00 215.00  0.00 225.00  0.00 0.39455 
4  205.00  0.00 220.00  0.00 210.00  0.00 215.00  0.00 0.90819 
4  210.00  0.00 345.00  0.00 255.00  0.00 300.00  0.00 0.17384 
4  210.00  0.00 330.00  0.00 250.00  0.00 290.00  0.00 0.17462 
4  210.00  0.00 315.00  0.00 245.00  0.00 280.00  0.00 0.17935 
4  210.00  0.00 300.00  0.00 240.00  0.00 270.00  0.00 0.18667 
4  210.00  0.00 285.00  0.00 235.00  0.00 260.00  0.00 0.19939 
4  210.00  0.00 270.00  0.00 230.00  0.00 250.00  0.00 0.24041 
4  210.00  0.00 255.00  0.00 225.00  0.00 240.00  0.00 0.25506 
4  210.00  0.00 240.00  0.00 220.00  0.00 230.00  0.00 0.36489 
4  210.00  0.00 225.00  0.00 215.00  0.00 220.00  0.00 0.85272 
4  215.00  0.00 350.00  0.00 260.00  0.00 305.00  0.00 0.18177 
4  215.00  0.00 335.00  0.00 255.00  0.00 295.00  0.00 0.17802 
4  215.00  0.00 320.00  0.00 250.00  0.00 285.00  0.00 0.18260 
4  215.00  0.00 305.00  0.00 245.00  0.00 275.00  0.00 0.18486 
4  215.00  0.00 290.00  0.00 240.00  0.00 265.00  0.00 0.19184 
4  215.00  0.00 275.00  0.00 235.00  0.00 255.00  0.00 0.23730 
4  215.00  0.00 260.00  0.00 230.00  0.00 245.00  0.00 0.27392 
4  215.00  0.00 245.00  0.00 225.00  0.00 235.00  0.00 0.34526 
4  215.00  0.00 230.00  0.00 220.00  0.00 225.00  0.00 0.74479 
4  220.00  0.00 355.00  0.00 265.00  0.00 310.00  0.00 0.18666 
4  220.00  0.00 340.00  0.00 260.00  0.00 300.00  0.00 0.18821 
4  220.00  0.00 325.00  0.00 255.00  0.00 290.00  0.00 0.18343 
4  220.00  0.00 310.00  0.00 250.00  0.00 280.00  0.00 0.19149 
4  220.00  0.00 295.00  0.00 245.00  0.00 270.00  0.00 0.19864 
4  220.00  0.00 280.00  0.00 240.00  0.00 260.00  0.00 0.21961 
4  220.00  0.00 265.00  0.00 235.00  0.00 250.00  0.00 0.29370 
4  220.00  0.00 250.00  0.00 230.00  0.00 240.00  0.00 0.36222 
4  220.00  0.00 235.00  0.00 225.00  0.00 230.00  0.00 0.77272 
4  225.00  0.00 360.00  0.00 270.00  0.00 315.00  0.00 0.19189 
4  225.00  0.00 345.00  0.00 265.00  0.00 305.00  0.00 0.19917 
4  225.00  0.00 330.00  0.00 260.00  0.00 295.00  0.00 0.19072 
4  225.00  0.00 315.00  0.00 255.00  0.00 285.00  0.00 0.19467 
4  225.00  0.00 300.00  0.00 250.00  0.00 275.00  0.00 0.20366 
4  225.00  0.00 285.00  0.00 245.00  0.00 265.00  0.00 0.20592 
4  225.00  0.00 270.00  0.00 240.00  0.00 255.00  0.00 0.27793 
4  225.00  0.00 255.00  0.00 235.00  0.00 245.00  0.00 0.36858 
4  225.00  0.00 240.00  0.00 230.00  0.00 235.00  0.00 0.67378 
4  230.00  0.00 365.00  0.00 275.00  0.00 320.00  0.00 0.19367 
4  230.00  0.00 350.00  0.00 270.00  0.00 310.00  0.00 0.19698 
4  230.00  0.00 335.00  0.00 265.00  0.00 300.00  0.00 0.20619 
4  230.00  0.00 320.00  0.00 260.00  0.00 290.00  0.00 0.20106 
4  230.00  0.00 305.00  0.00 255.00  0.00 280.00  0.00 0.20391 
4  230.00  0.00 290.00  0.00 250.00  0.00 270.00  0.00 0.22500 
4  230.00  0.00 275.00  0.00 245.00  0.00 260.00  0.00 0.25810 
4  230.00  0.00 260.00  0.00 240.00  0.00 250.00  0.00 0.34853 
4  230.00  0.00 245.00  0.00 235.00  0.00 240.00  0.00 0.75982 
4  235.00  0.00 370.00  0.00 280.00  0.00 325.00  0.00 0.19360 
4  235.00  0.00 355.00  0.00 275.00  0.00 315.00  0.00 0.19708 
4  235.00  0.00 340.00  0.00 270.00  0.00 305.00  0.00 0.20994 
4  235.00  0.00 325.00  0.00 265.00  0.00 295.00  0.00 0.21530 
4  235.00  0.00 310.00  0.00 260.00  0.00 285.00  0.00 0.21602 
4  235.00  0.00 295.00  0.00 255.00  0.00 275.00  0.00 0.22818 
4  235.00  0.00 280.00  0.00 250.00  0.00 265.00  0.00 0.24211 
4  235.00  0.00 265.00  0.00 245.00  0.00 255.00  0.00 0.35159 
4  235.00  0.00 250.00  0.00 240.00  0.00 245.00  0.00 0.78556 
4  240.00  0.00 375.00  0.00 285.00  0.00 330.00  0.00 0.19356 
4  240.00  0.00 360.00  0.00 280.00  0.00 320.00  0.00 0.19955 
4  240.00  0.00 345.00  0.00 275.00  0.00 310.00  0.00 0.20958 
4  240.00  0.00 330.00  0.00 270.00  0.00 300.00  0.00 0.21969 
4  240.00  0.00 315.00  0.00 265.00  0.00 290.00  0.00 0.23632 
4  240.00  0.00 300.00  0.00 260.00  0.00 280.00  0.00 0.24634 
4  240.00  0.00 285.00  0.00 255.00  0.00 270.00  0.00 0.27294 
4  240.00  0.00 270.00  0.00 250.00  0.00 260.00  0.00 0.34590 
4  240.00  0.00 255.00  0.00 245.00  0.00 250.00  0.00 0.69265 
4  245.00  0.00 380.00  0.00 290.00  0.00 335.00  0.00 0.19096 
4  245.00  0.00 365.00  0.00 285.00  0.00 325.00  0.00 0.20181 
4  245.00  0.00 350.00  0.00 280.00  0.00 315.00  0.00 0.21234 
4  245.00  0.00 335.00  0.00 275.00  0.00 305.00  0.00 0.23145 
4  245.00  0.00 320.00  0.00 270.00  0.00 295.00  0.00 0.24154 
4  245.00  0.00 305.00  0.00 265.00  0.00 285.00  0.00 0.27343 
4  245.00  0.00 290.00  0.00 260.00  0.00 275.00  0.00 0.29751 
4  245.00  0.00 275.00  0.00 255.00  0.00 265.00  0.00 0.32626 
4  245.00  0.00 260.00  0.00 250.00  0.00 255.00  0.00 0.69428 
4  250.00  0.00 385.00  0.00 295.00  0.00 340.00  0.00 0.19768 
4  250.00  0.00 370.00  0.00 290.00  0.00 330.00  0.00 0.19955 
4  250.00  0.00 355.00  0.00 285.00  0.00 320.00  0.00 0.20975 
4  250.00  0.00 340.00  0.00 280.00  0.00 310.00  0.00 0.22452 
4  250.00  0.00 325.00  0.00 275.00  0.00 300.00  0.00 0.24504 
4  250.00  0.00 310.00  0.00 270.00  0.00 290.00  0.00 0.27559 
4  250.00  0.00 295.00  0.00 265.00  0.00 280.00  0.00 0.34106 
4  250.00  0.00 280.00  0.00 260.00  0.00 270.00  0.00 0.38333 
4  250.00  0.00 265.00  0.00 255.00  0.00 260.00  0.00 0.60149 
4  255.00  0.00 390.00  0.00 300.00  0.00 345.00  0.00 0.19311 
4  255.00  0.00 375.00  0.00 295.00  0.00 335.00  0.00 0.19850 
4  255.00  0.00 360.00  0.00 290.00  0.00 325.00  0.00 0.20475 
4  255.00  0.00 345.00  0.00 285.00  0.00 315.00  0.00 0.22399 
4  255.00  0.00 330.00  0.00 280.00  0.00 305.00  0.00 0.24065 
4  255.00  0.00 315.00  0.00 275.00  0.00 295.00  0.00 0.27026 
4  255.00  0.00 300.00  0.00 270.00  0.00 285.00  0.00 0.33986 
4  255.00  0.00 285.00  0.00 265.00  0.00 275.00  0.00 0.44512 
4  255.00  0.00 270.00  0.00 260.00  0.00 265.00  0.00 0.56929 
4  260.00  0.00 395.00  0.00 305.00  0.00 350.00  0.00 0.19283 
4  260.00  0.00 380.00  0.00 300.00  0.00 340.00  0.00 0.20661 
4  260.00  0.00 365.00  0.00 295.00  0.00 330.00  0.00 0.21040 
4  260.00  0.00 350.00  0.00 290.00  0.00 320.00  0.00 0.22290 
4  260.00  0.00 335.00  0.00 285.00  0.00 310.00  0.00 0.23795 
4  260.00  0.00 320.00  0.00 280.00  0.00 300.00  0.00 0.26469 
4  260.00  0.00 305.00  0.00 275.00  0.00 290.00  0.00 0.32434 
4  260.00  0.00 290.00  0.00 270.00  0.00 280.00  0.00 0.45796 
4  260.00  0.00 275.00  0.00 265.00  0.00 270.00  0.00 0.72677 
4  265.00  0.00 385.00  0.00 305.00  0.00 345.00  0.00 0.21802 
4  265.00  0.00 370.00  0.00 300.00  0.00 335.00  0.00 0.21269 
4  265.00  0.00 355.00  0.00 295.00  0.00 325.00  0.00 0.22240 
4  265.00  0.00 340.00  0.00 290.00  0.00 315.00  0.00 0.24370 
4  265.00  0.00 325.00  0.00 285.00  0.00 305.00  0.00 0.27261 
4  265.00  0.00 310.00  0.00 280.00  0.00 295.00  0.00 0.31597 
4  265.00  0.00 295.00  0.00 275.00  0.00 285.00  0.00 0.47324 
4  265.00  0.00 280.00  0.00 270.00  0.00 275.00  0.00 0.71629 
4  270.00  0.00 390.00  0.00 310.00  0.00 350.00  0.00 0.23179 
4  270.00  0.00 375.00  0.00 305.00  0.00 340.00  0.00 0.22804 
4  270.00  0.00 360.00  0.00 300.00  0.00 330.00  0.00 0.23175 
4  270.00  0.00 345.00  0.00 295.00  0.00 320.00  0.00 0.25861 
4  270.00  0.00 330.00  0.00 290.00  0.00 310.00  0.00 0.27894 
4  270.00  0.00 315.00  0.00 285.00  0.00 300.00  0.00 0.33888 
4  270.00  0.00 300.00  0.00 280.00  0.00 290.00  0.00 0.48591 
4  270.00  0.00 285.00  0.00 275.00  0.00 280.00  0.00 0.85366 
4  275.00  0.00 395.00  0.00 315.00  0.00 355.00  0.00 0.23470 
4  275.00  0.00 380.00  0.00 310.00  0.00 345.00  0.00 0.25128 
4  275.00  0.00 365.00  0.00 305.00  0.00 335.00  0.00 0.23631 
4  275.00  0.00 350.00  0.00 300.00  0.00 325.00  0.00 0.25820 
4  275.00  0.00 335.00  0.00 295.00  0.00 315.00  0.00 0.29224 
4  275.00  0.00 320.00  0.00 290.00  0.00 305.00  0.00 0.34647 
4  275.00  0.00 305.00  0.00 285.00  0.00 295.00  0.00 0.45854 
4  275.00  0.00 290.00  0.00 280.00  0.00 285.00  0.00 0.86901 
4  280.00  0.00 385.00  0.00 315.00  0.00 350.00  0.00 0.27270 
4  280.00  0.00 370.00  0.00 310.00  0.00 340.00  0.00 0.25544 
4  280.00  0.00 355.00  0.00 305.00  0.00 330.00  0.00 0.26014 
4  280.00  0.00 340.00  0.00 300.00  0.00 320.00  0.00 0.29813 
4  280.00  0.00 325.00  0.00 295.00  0.00 310.00  0.00 0.34683 
4  280.00  0.00 310.00  0.00 290.00  0.00 300.00  0.00 0.47976 
4  280.00  0.00 295.00  0.00 285.00  0.00 290.00  0.00 0.92193 
4  285.00  0.00 390.00  0.00 320.00  0.00 355.00  0.00 0.27661 
4  285.00  0.00 375.00  0.00 315.00  0.00 345.00  0.00 0.27475 
4  285.00  0.00 360.00  0.00 310.00  0.00 335.00  0.00 0.26449 
4  285.00  0.00 345.00  0.00 305.00  0.00 325.00  0.00 0.29462 
4  285.00  0.00 330.00  0.00 300.00  0.00 315.00  0.00 0.35137 
4  285.00  0.00 315.00  0.00 295.00  0.00 305.00  0.00 0.50247 
4  285.00  0.00 300.00  0.00 290.00  0.00 295.00  0.00 0.97933 
4  290.00  0.00 395.00  0.00 325.00  0.00 360.00  0.00 0.27368 
4  290.00  0.00 380.00  0.00 320.00  0.00 350.00  0.00 0.29989 
4  290.00  0.00 365.00  0.00 315.00  0.00 340.00  0.00 0.28499 
4  290.00  0.00 350.00  0.00 310.00  0.00 330.00  0.00 0.30066 
4  290.00  0.00 335.00  0.00 305.00  0.00 320.00  0.00 0.35115 
4  290.00  0.00 320.00  0.00 300.00  0.00 310.00  0.00 0.46950 
4  290.00  0.00 305.00  0.00 295.00  0.00 300.00  0.00 0.96473 
4  295.00  0.00 385.00  0.00 325.00  0.00 355.00  0.00 0.32151 
4  295.00  0.00 370.00  0.00 320.00  0.00 345.00  0.00 0.29865 
4  295.00  0.00 355.00  0.00 315.00  0.00 335.00  0.00 0.29408 
4  295.00  0.00 340.00  0.00 310.00  0.00 325.00  0.00 0.34715 
4  295.00  0.00 325.00  0.00 305.00  0.00 315.00  0.00 0.44864 
4  295.00  0.00 310.00  0.00 300.00  0.00 305.00  0.00 0.88039 
4  300.00  0.00 390.00  0.00 330.00  0.00 360.00  0.00 0.32018 
4  300.00  0.00 375.00  0.00 325.00  0.00 350.00  0.00 0.32768 
4  300.00  0.00 360.00  0.00 320.00  0.00 340.00  0.00 0.30870 
4  300.00  0.00 345.00  0.00 315.00  0.00 330.00  0.00 0.35227 
4  300.00  0.00 330.00  0.00 310.00  0.00 320.00  0.00 0.45123 
4  300.00  0.00 315.00  0.00 305.00  0.00 310.00  0.00 0.80510 
4  305.00  0.00 395.00  0.00 335.00  0.00 365.00  0.00 0.31997 
4  305.00  0.00 380.00  0.00 330.00  0.00 355.00  0.00 0.36133 
4  305.00  0.00 365.00  0.00 325.00  0.00 345.00  0.00 0.33986 
4  305.00  0.00 350.00  0.00 320.00  0.00 335.00  0.00 0.33644 
4  305.00  0.00 335.00  0.00 315.00  0.00 325.00  0.00 0.44487 
4  305.00  0.00 320.00  0.00 310.00  0.00 315.00  0.00 0.74506 
4  310.00  0.00 385.00  0.00 335.00  0.00 360.00  0.00 0.38446 
4  310.00  0.00 370.00  0.00 330.00  0.00 350.00  0.00 0.36959 
4  310.00  0.00 355.00  0.00 325.00  0.00 340.00  0.00 0.35960 
4  310.00  0.00 340.00  0.00 320.00  0.00 330.00  0.00 0.42368 
4  310.00  0.00 325.00  0.00 315.00  0.00 320.00  0.00 0.75994 
4  315.00  0.00 390.00  0.00 340.00  0.00 365.00  0.00 0.37261 
4  315.00  0.00 375.00  0.00 335.00  0.00 355.00  0.00 0.40974 
4  315.00  0.00 360.00  0.00 330.00  0.00 345.00  0.00 0.38269 
4  315.00  0.00 345.00  0.00 325.00  0.00 335.00  0.00 0.43281 
4  315.00  0.00 330.00  0.00 320.00  0.00 325.00  0.00 0.70222 
4  320.00  0.00 395.00  0.00 345.00  0.00 370.00  0.00 0.37268 
4  320.00  0.00 380.00  0.00 340.00  0.00 360.00  0.00 0.43460 
4  320.00  0.00 365.00  0.00 335.00  0.00 350.00  0.00 0.44780 
4  320.00  0.00 350.00  0.00 330.00  0.00 340.00  0.00 0.45700 
4  320.00  0.00 335.00  0.00 325.00  0.00 330.00  0.00 0.76535 
4  325.00  0.00 385.00  0.00 345.00  0.00 365.00  0.00 0.45081 
4  325.00  0.00 370.00  0.00 340.00  0.00 355.00  0.00 0.47347 
4  325.00  0.00 355.00  0.00 335.00  0.00 345.00  0.00 0.48641 
4  325.00  0.00 340.00  0.00 330.00  0.00 335.00  0.00 0.67054 
4  330.00  0.00 390.00  0.00 350.00  0.00 370.00  0.00 0.43482 
4  330.00  0.00 375.00  0.00 345.00  0.00 360.00  0.00 0.48376 
4  330.00  0.00 360.00  0.00 340.00  0.00 350.00  0.00 0.52544 
4  330.00  0.00 345.00  0.00 335.00  0.00 340.00  0.00 0.79189 
4  335.00  0.00 395.00  0.00 355.00  0.00 375.00  0.00 0.41223 
4  335.00  0.00 380.00  0.00 350.00  0.00 365.00  0.00 0.48832 
4  335.00  0.00 365.00  0.00 345.00  0.00 355.00  0.00 0.57468 
4  335.00  0.00 350.00  0.00 340.00  0.00 345.00  0.00 0.73380 
4  340.00  0.00 385.00  0.00 355.00  0.00 370.00  0.00 0.52855 
4  340.00  0.00 370.00  0.00 350.00  0.00 360.00  0.00 0.58651 
4  340.00  0.00 355.00  0.00 345.00  0.00 350.00  0.00 0.86776 
4  345.00  0.00 390.00  0.00 360.00  0.00 375.00  0.00 0.51870 
4  345.00  0.00 375.00  0.00 355.00  0.00 365.00  0.00 0.57313 
4  345.00  0.00 360.00  0.00 350.00  0.00 355.00  0.00 0.83146 
4  350.00  0.00 395.00  0.00 365.00  0.00 380.00  0.00 0.52347 
4  350.00  0.00 380.00  0.00 360.00  0.00 370.00  0.00 0.66571 
4  350.00  0.00 365.00  0.00 355.00  0.00 360.00  0.00 0.87963 
4  355.00  0.00 385.00  0.00 365.00  0.00 375.00  0.00 0.74219 
4  355.00  0.00 370.00  0.00 360.00  0.00 365.00  0.00 0.88514 
4  360.00  0.00 390.00  0.00 370.00  0.00 380.00  0.00 0.68501 
4  360.00  0.00 375.00  0.00 365.00  0.00 370.00  0.00 1.08739 
4  365.00  0.00 395.00  0.00 375.00  0.00 385.00  0.00 0.67900 
4  365.00  0.00 380.00  0.00 370.00  0.00 375.00  0.00 1.16585 
4  370.00  0.00 385.00  0.00 375.00  0.00 380.00  0.00 1.32402 
4  375.00  0.00 390.00  0.00 380.00  0.00 385.00  0.00 1.35360 
4  380.00  0.00 395.00  0.00 385.00  0.00 390.00  0.00 1.65475 
4  45.00  0.00 90.00  0.00 0.00  0.00 135.00  0.00 0.17261 
4  40.00  0.00 80.00  0.00 0.00  0.00 120.00  0.00 0.17846 
4  35.00  0.00 70.00  0.00 0.00  0.00 105.00  0.00 0.18376 
4  30.00  0.00 60.00  0.00 0.00  0.00 90.00  0.00 0.19595 
4  25.00  0.00 50.00  0.00 0.00  0.00 75.00  0.00 0.23673 
4  20.00  0.00 40.00  0.00 0.00  0.00 60.00  0.00 0.30692 
4  15.00  0.00 30.00  0.00 0.00  0.00 45.00  0.00 0.41653 
4  10.00  0.00 20.00  0.00 0.00  0.00 30.00  0.00 0.65520 
4  5.00  0.00 10.00  0.00 0.00  0.00 15.00  0.00 1.50220 
4  50.00  0.00 95.00  0.00 5.00  0.00 140.00  0.00 0.19588 
4  45.00  0.00 85.00  0.00 5.00  0.00 125.00  0.00 0.17948 
4  40.00  0.00 75.00  0.00 5.00  0.00 110.00  0.00 0.18349 
4  35.00  0.00 65.00  0.00 5.00  0.00 95.00  0.00 0.20015 
4  30.00  0.00 55.00  0.00 5.00  0.00 80.00  0.00 0.22455 
4  25.00  0.00 45.00  0.00 5.00  0.00 65.00  0.00 0.30171 
4  20.00  0.00 35.00  0.00 5.00  0.00 50.00  0.00 0.41625 
4  15.00  0.00 25.00  0.00 5.00  0.00 35.00  0.00 0.65440 
4  10.00  0.00 15.00  0.00 5.00  0.00 20.00  0.00 1.37171 
4  55.00  0.00 100.00  0.00 10.00  0.00 145.00  0.00 0.20688 
4  50.00  0.00 90.00  0.00 10.00  0.00 130.00  0.00 0.18850 
4  45.00  0.00 80.00  0.00 10.00  0.00 115.00  0.00 0.18675 
4  40.00  0.00 70.00  0.00 10.00  0.00 100.00  0.00 0.20103 
4  35.00  0.00 60.00  0.00 10.00  0.00 85.00  0.00 0.23107 
4  30.00  0.00 50.00  0.00 10.00  0.00 70.00  0.00 0.29065 
4  25.00  0.00 40.00  0.00 10.00  0.00 55.00  0.00 0.42917 
4  20.00  0.00 30.00  0.00 10.00  0.00 40.00  0.00 0.63305 
4  15.00  0.00 20.00  0.00 10.00  0.00 25.00  0.00 1.48098 
4  60.00  0.00 105.00  0.00 15.00  0.00 150.00  0.00 0.20164 
4  55.00  0.00 95.00  0.00 15.00  0.00 135.00  0.00 0.19200 
4  50.00  0.00 85.00  0.00 15.00  0.00 120.00  0.00 0.19713 
4  45.00  0.00 75.00  0.00 15.00  0.00 105.00  0.00 0.20105 
4  40.00  0.00 65.00  0.00 15.00  0.00 90.00  0.00 0.22106 
4  35.00  0.00 55.00  0.00 15.00  0.00 75.00  0.00 0.28135 
4  30.00  0.00 45.00  0.00 15.00  0.00 60.00  0.00 0.41006 
4  25.00  0.00 35.00  0.00 15.00  0.00 45.00  0.00 0.64324 
4  20.00  0.00 25.00  0.00 15.00  0.00 30.00  0.00 1.40564 
4  65.00  0.00 110.00  0.00 20.00  0.00 155.00  0.00 0.19923 
4  60.00  0.00 100.00  0.00 20.00  0.00 140.00  0.00 0.19171 
4  55.00  0.00 90.00  0.00 20.00  0.00 125.00  0.00 0.20972 
4  50.00  0.00 80.00  0.00 20.00  0.00 110.00  0.00 0.21189 
4  45.00  0.00 70.00  0.00 20.00  0.00 95.00  0.00 0.22796 
4  40.00  0.00 60.00  0.00 20.00  0.00 80.00  0.00 0.28366 
4  35.00  0.00 50.00  0.00 20.00  0.00 65.00  0.00 0.40493 
4  30.00  0.00 40.00  0.00 20.00  0.00 50.00  0.00 0.69026 
4  25.00  0.00 30.00  0.00 20.00  0.00 35.00  0.00 1.51043 
4  70.00  0.00 115.00  0.00 25.00  0.00 160.00  0.00 0.20878 
4  65.00  0.00 105.00  0.00 25.00  0.00 145.00  0.00 0.18593 
4  60.00  0.00 95.00  0.00 25.00  0.00 130.00  0.00 0.20506 
4  55.00  0.00 85.00  0.00 25.00  0.00 115.00  0.00 0.21863 
4  50.00  0.00 75.00  0.00 25.00  0.00 100.00  0.00 0.23646 
4  45.00  0.00 65.00  0.00 25.00  0.00 85.00  0.00 0.28822 
4  40.00  0.00 55.00  0.00 25.00  0.00 70.00  0.00 0.39541 
4  35.00  0.00 45.00  0.00 25.00  0.00 55.00  0.00 0.70845 
4  30.00  0.00 35.00  0.00 25.00  0.00 40.00  0.00 1.44059 
4  75.00  0.00 120.00  0.00 30.00  0.00 165.00  0.00 0.18724 
4  70.00  0.00 110.00  0.00 30.00  0.00 150.00  0.00 0.19931 
4  65.00  0.00 100.00  0.00 30.00  0.00 135.00  0.00 0.20606 
4  60.00  0.00 90.00  0.00 30.00  0.00 120.00  0.00 0.23036 
4  55.00  0.00 80.00  0.00 30.00  0.00 105.00  0.00 0.23788 
4  50.00  0.00 70.00  0.00 30.00  0.00 90.00  0.00 0.29536 
4  45.00  0.00 60.00  0.00 30.00  0.00 75.00  0.00 0.41159 
4  40.00  0.00 50.00  0.00 30.00  0.00 60.00  0.00 0.67758 
4  35.00  0.00 40.00  0.00 30.00  0.00 45.00  0.00 1.52748 
4  80.00  0.00 125.00  0.00 35.00  0.00 170.00  0.00 0.19404 
4  75.00  0.00 115.00  0.00 35.00  0.00 155.00  0.00 0.20172 
4  70.00  0.00 105.00  0.00 35.00  0.00 140.00  0.00 0.21197 
4  65.00  0.00 95.00  0.00 35.00  0.00 125.00  0.00 0.22371 
4  60.00  0.00 85.00  0.00 35.00  0.00 110.00  0.00 0.25523 
4  55.00  0.00 75.00  0.00 35.00  0.00 95.00  0.00 0.29639 
4  50.00  0.00 65.00  0.00 35.00  0.00 80.00  0.00 0.42988 
4  45.00  0.00 55.00  0.00 35.00  0.00 65.00  0.00 0.66382 
4  40.00  0.00 45.00  0.00 35.00  0.00 50.00  0.00 1.60130 
4  85.00  0.00 130.00  0.00 40.00  0.00 175.00  0.00 0.19299 
4  80.00  0.00 120.00  0.00 40.00  0.00 160.00  0.00 0.19650 
4  75.00  0.00 110.00  0.00 40.00  0.00 145.00  0.00 0.20568 
4  70.00  0.00 100.00  0.00 40.00  0.00 130.00  0.00 0.22825 
4  65.00  0.00 90.00  0.00 40.00  0.00 115.00  0.00 0.26445 
4  60.00  0.00 80.00  0.00 40.00  0.00 100.00  0.00 0.30451 
4  55.00  0.00 70.00  0.00 40.00  0.00 85.00  0.00 0.44000 
4  50.00  0.00 60.00  0.00 40.00  0.00 70.00  0.00 0.72129 
4  45.00  0.00 50.00  0.00 40.00  0.00 55.00  0.00 1.60069 
4  90.00  0.00 135.00  0.00 45.00  0.00 180.00  0.00 0.19311 
4  85.00  0.00 125.00  0.00 45.00  0.00 165.00  0.00 0.19366 
4  80.00  0.00 115.00  0.00 45.00  0.00 150.00  0.00 0.20152 
4  75.00  0.00 105.00  0.00 45.00  0.00 135.00  0.00 0.22252 
4  70.00  0.00 95.00  0.00 45.00  0.00 120.00  0.00 0.26161 
4  65.00  0.00 85.00  0.00 45.00  0.00 105.00  0.00 0.31233 
4  60.00  0.00 75.00  0.00 45.00  0.00 90.00  0.00 0.42028 
4  55.00  0.00 65.00  0.00 45.00  0.00 75.00  0.00 0.76812 
4  50.00  0.00 55.00  0.00 45.00  0.00 60.00  0.00 1.58425 
4  95.00  0.00 140.00  0.00 50.00  0.00 185.00  0.00 0.18245 
4  90.00  0.00 130.00  0.00 50.00  0.00 170.00  0.00 0.18021 
4  85.00  0.00 120.00  0.00 50.00  0.00 155.00  0.00 0.20342 
4  80.00  0.00 110.00  0.00 50.00  0.00 140.00  0.00 0.21881 
4  75.00  0.00 100.00  0.00 50.00  0.00 125.00  0.00 0.24946 
4  70.00  0.00 90.00  0.00 50.00  0.00 110.00  0.00 0.31247 
4  65.00  0.00 80.00  0.00 50.00  0.00 95.00  0.00 0.41372 
4  60.00  0.00 70.00  0.00 50.00  0.00 80.00  0.00 0.74105 
4  55.00  0.00 60.00  0.00 50.00  0.00 65.00  0.00 1.62838 
4  100.00  0.00 145.00  0.00 55.00  0.00 190.00  0.00 0.17930 
4  95.00  0.00 135.00  0.00 55.00  0.00 175.00  0.00 0.18218 
4  90.00  0.00 125.00  0.00 55.00  0.00 160.00  0.00 0.20358 
4  85.00  0.00 115.00  0.00 55.00  0.00 145.00  0.00 0.20941 
4  80.00  0.00 105.00  0.00 55.00  0.00 130.00  0.00 0.25196 
4  75.00  0.00 95.00  0.00 55.00  0.00 115.00  0.00 0.30835 
4  70.00  0.00 85.00  0.00 55.00  0.00 100.00  0.00 0.40201 
4  65.00  0.00 75.00  0.00 55.00  0.00 85.00  0.00 0.67094 
4  60.00  0.00 65.00  0.00 55.00  0.00 70.00  0.00 1.44284 
4  105.00  0.00 150.00  0.00 60.00  0.00 195.00  0.00 0.16861 
4  100.00  0.00 140.00  0.00 60.00  0.00 180.00  0.00 0.18059 
4  95.00  0.00 130.00  0.00 60.00  0.00 165.00  0.00 0.19505 
4  90.00  0.00 120.00  0.00 60.00  0.00 150.00  0.00 0.21428 
4  85.00  0.00 110.00  0.00 60.00  0.00 135.00  0.00 0.24299 
4  80.00  0.00 100.00  0.00 60.00  0.00 120.00  0.00 0.30984 
4  75.00  0.00 90.00  0.00 60.00  0.00 105.00  0.00 0.40838 
4  70.00  0.00 80.00  0.00 60.00  0.00 90.00  0.00 0.63973 
4  65.00  0.00 70.00  0.00 60.00  0.00 75.00  0.00 1.48726 
4  110.00  0.00 155.00  0.00 65.00  0.00 200.00  0.00 0.16325 
4  105.00  0.00 145.00  0.00 65.00  0.00 185.00  0.00 0.18869 
4  100.00  0.00 135.00  0.00 65.00  0.00 170.00  0.00 0.20001 
4  95.00  0.00 125.00  0.00 65.00  0.00 155.00  0.00 0.21925 
4  90.00  0.00 115.00  0.00 65.00  0.00 140.00  0.00 0.24050 
4  85.00  0.00 105.00  0.00 65.00  0.00 125.00  0.00 0.29506 
4  80.00  0.00 95.00  0.00 65.00  0.00 110.00  0.00 0.39939 
4  75.00  0.00 85.00  0.00 65.00  0.00 95.00  0.00 0.64476 
4  70.00  0.00 75.00  0.00 65.00  0.00 80.00  0.00 1.39730 
4  115.00  0.00 160.00  0.00 70.00  0.00 205.00  0.00 0.15855 
4  110.00  0.00 150.00  0.00 70.00  0.00 190.00  0.00 0.18783 
4  105.00  0.00 140.00  0.00 70.00  0.00 175.00  0.00 0.20151 
4  100.00  0.00 130.00  0.00 70.00  0.00 160.00  0.00 0.22130 
4  95.00  0.00 120.00  0.00 70.00  0.00 145.00  0.00 0.24414 
4  90.00  0.00 110.00  0.00 70.00  0.00 130.00  0.00 0.28493 
4  85.00  0.00 100.00  0.00 70.00  0.00 115.00  0.00 0.39458 
4  80.00  0.00 90.00  0.00 70.00  0.00 100.00  0.00 0.64193 
4  75.00  0.00 80.00  0.00 70.00  0.00 85.00  0.00 1.44173 
4  120.00  0.00 165.00  0.00 75.00  0.00 210.00  0.00 0.15012 
4  115.00  0.00 155.00  0.00 75.00  0.00 195.00  0.00 0.18305 
4  110.00  0.00 145.00  0.00 75.00  0.00 180.00  0.00 0.19719 
4  105.00  0.00 135.00  0.00 75.00  0.00 165.00  0.00 0.22152 
4  100.00  0.00 125.00  0.00 75.00  0.00 150.00  0.00 0.24410 
4  95.00  0.00 115.00  0.00 75.00  0.00 135.00  0.00 0.27966 
4  90.00  0.00 105.00  0.00 75.00  0.00 120.00  0.00 0.38006 
4  85.00  0.00 95.00  0.00 75.00  0.00 105.00  0.00 0.59627 
4  80.00  0.00 85.00  0.00 75.00  0.00 90.00  0.00 1.37167 
4  125.00  0.00 170.00  0.00 80.00  0.00 215.00  0.00 0.14767 
4  120.00  0.00 160.00  0.00 80.00  0.00 200.00  0.00 0.16641 
4  115.00  0.00 150.00  0.00 80.00  0.00 185.00  0.00 0.19673 
4  110.00  0.00 140.00  0.00 80.00  0.00 170.00  0.00 0.22079 
4  105.00  0.00 130.00  0.00 80.00  0.00 155.00  0.00 0.24712 
4  100.00  0.00 120.00  0.00 80.00  0.00 140.00  0.00 0.28316 
4  95.00  0.00 110.00  0.00 80.00  0.00 125.00  0.00 0.36106 
4  90.00  0.00 100.00  0.00 80.00  0.00 110.00  0.00 0.55842 
4  85.00  0.00 90.00  0.00 80.00  0.00 95.00  0.00 1.27246 
4  130.00  0.00 175.00  0.00 85.00  0.00 220.00  0.00 0.14736 
4  125.00  0.00 165.00  0.00 85.00  0.00 205.00  0.00 0.16027 
4  120.00  0.00 155.00  0.00 85.00  0.00 190.00  0.00 0.19388 
4  115.00  0.00 145.00  0.00 85.00  0.00 175.00  0.00 0.22181 
4  110.00  0.00 135.00  0.00 85.00  0.00 160.00  0.00 0.25765 
4  105.00  0.00 125.00  0.00 85.00  0.00 145.00  0.00 0.29006 
4  100.00  0.00 115.00  0.00 85.00  0.00 130.00  0.00 0.36903 
4  95.00  0.00 105.00  0.00 85.00  0.00 115.00  0.00 0.55421 
4  90.00  0.00 95.00  0.00 85.00  0.00 100.00  0.00 1.18941 
4  135.00  0.00 180.00  0.00 90.00  0.00 225.00  0.00 0.14592 
4  130.00  0.00 170.00  0.00 90.00  0.00 210.00  0.00 0.15163 
4  125.00  0.00 160.00  0.00 90.00  0.00 195.00  0.00 0.18614 
4  120.00  0.00 150.00  0.00 90.00  0.00 180.00  0.00 0.22267 
4  115.00  0.00 140.00  0.00 90.00  0.00 165.00  0.00 0.25512 
4  110.00  0.00 130.00  0.00 90.00  0.00 150.00  0.00 0.28802 
4  105.00  0.00 120.00  0.00 90.00  0.00 135.00  0.00 0.36250 
4  100.00  0.00 110.00  0.00 90.00  0.00 120.00  0.00 0.52499 
4  95.00  0.00 100.00  0.00 90.00  0.00 105.00  0.00 1.10800 
4  140.00  0.00 185.00  0.00 95.00  0.00 230.00  0.00 0.15258 
4  135.00  0.00 175.00  0.00 95.00  0.00 215.00  0.00 0.14748 
4  130.00  0.00 165.00  0.00 95.00  0.00 200.00  0.00 0.16779 
4  125.00  0.00 155.00  0.00 95.00  0.00 185.00  0.00 0.21640 
4  120.00  0.00 145.00  0.00 95.00  0.00 170.00  0.00 0.25190 
4  115.00  0.00 135.00  0.00 95.00  0.00 155.00  0.00 0.30586 
4  110.00  0.00 125.00  0.00 95.00  0.00 140.00  0.00 0.38011 
4  105.00  0.00 115.00  0.00 95.00  0.00 125.00  0.00 0.53216 
4  100.00  0.00 105.00  0.00 95.00  0.00 110.00  0.00 1.07788 
4  145.00  0.00 190.00  0.00 100.00  0.00 235.00  0.00 0.15526 
4  140.00  0.00 180.00  0.00 100.00  0.00 220.00  0.00 0.14266 
4  135.00  0.00 170.00  0.00 100.00  0.00 205.00  0.00 0.16406 
4  130.00  0.00 160.00  0.00 100.00  0.00 190.00  0.00 0.20954 
4  125.00  0.00 150.00  0.00 100.00  0.00 175.00  0.00 0.24243 
4  120.00  0.00 140.00  0.00 100.00  0.00 160.00  0.00 0.29943 
4  115.00  0.00 130.00  0.00 100.00  0.00 145.00  0.00 0.37411 
4  110.00  0.00 120.00  0.00 100.00  0.00 130.00  0.00 0.57335 
4  105.00  0.00 110.00  0.00 100.00  0.00 115.00  0.00 1.02237 
4  150.00  0.00 195.00  0.00 105.00  0.00 240.00  0.00 0.14531 
4  145.00  0.00 185.00  0.00 105.00  0.00 225.00  0.00 0.15271 
4  140.00  0.00 175.00  0.00 105.00  0.00 210.00  0.00 0.15928 
4  135.00  0.00 165.00  0.00 105.00  0.00 195.00  0.00 0.19842 
4  130.00  0.00 155.00  0.00 105.00  0.00 180.00  0.00 0.24245 
4  125.00  0.00 145.00  0.00 105.00  0.00 165.00  0.00 0.28989 
4  120.00  0.00 135.00  0.00 105.00  0.00 150.00  0.00 0.38675 
4  115.00  0.00 125.00  0.00 105.00  0.00 135.00  0.00 0.56710 
4  110.00  0.00 115.00  0.00 105.00  0.00 120.00  0.00 1.10535 
4  155.00  0.00 200.00  0.00 110.00  0.00 245.00  0.00 0.17537 
4  150.00  0.00 190.00  0.00 110.00  0.00 230.00  0.00 0.15246 
4  145.00  0.00 180.00  0.00 110.00  0.00 215.00  0.00 0.15450 
4  140.00  0.00 170.00  0.00 110.00  0.00 200.00  0.00 0.18506 
4  135.00  0.00 160.00  0.00 110.00  0.00 185.00  0.00 0.22929 
4  130.00  0.00 150.00  0.00 110.00  0.00 170.00  0.00 0.28526 
4  125.00  0.00 140.00  0.00 110.00  0.00 155.00  0.00 0.37029 
4  120.00  0.00 130.00  0.00 110.00  0.00 140.00  0.00 0.56520 
4  115.00  0.00 120.00  0.00 110.00  0.00 125.00  0.00 1.08025 
4  160.00  0.00 205.00  0.00 115.00  0.00 250.00  0.00 0.17526 
4  155.00  0.00 195.00  0.00 115.00  0.00 235.00  0.00 0.15871 
4  150.00  0.00 185.00  0.00 115.00  0.00 220.00  0.00 0.15385 
4  145.00  0.00 175.00  0.00 115.00  0.00 205.00  0.00 0.17106 
4  140.00  0.00 165.00  0.00 115.00  0.00 190.00  0.00 0.23755 
4  135.00  0.00 155.00  0.00 115.00  0.00 175.00  0.00 0.28560 
4  130.00  0.00 145.00  0.00 115.00  0.00 160.00  0.00 0.37704 
4  125.00  0.00 135.00  0.00 115.00  0.00 145.00  0.00 0.56802 
4  120.00  0.00 125.00  0.00 115.00  0.00 130.00  0.00 1.20265 
4  165.00  0.00 210.00  0.00 120.00  0.00 255.00  0.00 0.16600 
4  160.00  0.00 200.00  0.00 120.00  0.00 240.00  0.00 0.17410 
4  155.00  0.00 190.00  0.00 120.00  0.00 225.00  0.00 0.16264 
4  150.00  0.00 180.00  0.00 120.00  0.00 210.00  0.00 0.17199 
4  145.00  0.00 170.00  0.00 120.00  0.00 195.00  0.00 0.23001 
4  140.00  0.00 160.00  0.00 120.00  0.00 180.00  0.00 0.27869 
4  135.00  0.00 150.00  0.00 120.00  0.00 165.00  0.00 0.36588 
4  130.00  0.00 140.00  0.00 120.00  0.00 150.00  0.00 0.56978 
4  125.00  0.00 130.00  0.00 120.00  0.00 135.00  0.00 1.12698 
4  170.00  0.00 215.00  0.00 125.00  0.00 260.00  0.00 0.17378 
4  165.00  0.00 205.00  0.00 125.00  0.00 245.00  0.00 0.17770 
4  160.00  0.00 195.00  0.00 125.00  0.00 230.00  0.00 0.17812 
4  155.00  0.00 185.00  0.00 125.00  0.00 215.00  0.00 0.17958 
4  150.00  0.00 175.00  0.00 125.00  0.00 200.00  0.00 0.20416 
4  145.00  0.00 165.00  0.00 125.00  0.00 185.00  0.00 0.28286 
4  140.00  0.00 155.00  0.00 125.00  0.00 170.00  0.00 0.36631 
4  135.00  0.00 145.00  0.00 125.00  0.00 155.00  0.00 0.53201 
4  130.00  0.00 135.00  0.00 125.00  0.00 140.00  0.00 1.20138 
4  175.00  0.00 220.00  0.00 130.00  0.00 265.00  0.00 0.17721 
4  170.00  0.00 210.00  0.00 130.00  0.00 250.00  0.00 0.17998 
4  165.00  0.00 200.00  0.00 130.00  0.00 235.00  0.00 0.18476 
4  160.00  0.00 190.00  0.00 130.00  0.00 220.00  0.00 0.18461 
4  155.00  0.00 180.00  0.00 130.00  0.00 205.00  0.00 0.21157 
4  150.00  0.00 170.00  0.00 130.00  0.00 190.00  0.00 0.28135 
4  145.00  0.00 160.00  0.00 130.00  0.00 175.00  0.00 0.35481 
4  140.00  0.00 150.00  0.00 130.00  0.00 160.00  0.00 0.53065 
4  135.00  0.00 140.00  0.00 130.00  0.00 145.00  0.00 1.04742 
4  180.00  0.00 225.00  0.00 135.00  0.00 270.00  0.00 0.18651 
4  175.00  0.00 215.00  0.00 135.00  0.00 255.00  0.00 0.18597 
4  170.00  0.00 205.00  0.00 135.00  0.00 240.00  0.00 0.19947 
4  165.00  0.00 195.00  0.00 135.00  0.00 225.00  0.00 0.19599 
4  160.00  0.00 185.00  0.00 135.00  0.00 210.00  0.00 0.20671 
4  155.00  0.00 175.00  0.00 135.00  0.00 195.00  0.00 0.27692 
4  150.00  0.00 165.00  0.00 135.00  0.00 180.00  0.00 0.35402 
4  145.00  0.00 155.00  0.00 135.00  0.00 165.00  0.00 0.51775 
4  140.00  0.00 145.00  0.00 135.00  0.00 150.00  0.00 1.02163 
4  185.00  0.00 230.00  0.00 140.00  0.00 275.00  0.00 0.17671 
4  180.00  0.00 220.00  0.00 140.00  0.00 260.00  0.00 0.18872 
4  175.00  0.00 210.00  0.00 140.00  0.00 245.00  0.00 0.20518 
4  170.00  0.00 200.00  0.00 140.00  0.00 230.00  0.00 0.21976 
4  165.00  0.00 190.00  0.00 140.00  0.00 215.00  0.00 0.19903 
4  160.00  0.00 180.00  0.00 140.00  0.00 200.00  0.00 0.25768 
4  155.00  0.00 170.00  0.00 140.00  0.00 185.00  0.00 0.35906 
4  150.00  0.00 160.00  0.00 140.00  0.00 170.00  0.00 0.48788 
4  145.00  0.00 150.00  0.00 140.00  0.00 155.00  0.00 0.96742 
4  190.00  0.00 235.00  0.00 145.00  0.00 280.00  0.00 0.17679 
4  185.00  0.00 225.00  0.00 145.00  0.00 265.00  0.00 0.18715 
4  180.00  0.00 215.00  0.00 145.00  0.00 250.00  0.00 0.20439 
4  175.00  0.00 205.00  0.00 145.00  0.00 235.00  0.00 0.22517 
4  170.00  0.00 195.00  0.00 145.00  0.00 220.00  0.00 0.22712 
4  165.00  0.00 185.00  0.00 145.00  0.00 205.00  0.00 0.24251 
4  160.00  0.00 175.00  0.00 145.00  0.00 190.00  0.00 0.36303 
4  155.00  0.00 165.00  0.00 145.00  0.00 175.00  0.00 0.47294 
4  150.00  0.00 155.00  0.00 145.00  0.00 160.00  0.00 0.94208 
4  195.00  0.00 240.00  0.00 150.00  0.00 285.00  0.00 0.19625 
4  190.00  0.00 230.00  0.00 150.00  0.00 270.00  0.00 0.18580 
4  185.00  0.00 220.00  0.00 150.00  0.00 255.00  0.00 0.19705 
4  180.00  0.00 210.00  0.00 150.00  0.00 240.00  0.00 0.23037 
4  175.00  0.00 200.00  0.00 150.00  0.00 225.00  0.00 0.25890 
4  170.00  0.00 190.00  0.00 150.00  0.00 210.00  0.00 0.24048 
4  165.00  0.00 180.00  0.00 150.00  0.00 195.00  0.00 0.36015 
4  160.00  0.00 170.00  0.00 150.00  0.00 180.00  0.00 0.49710 
4  155.00  0.00 160.00  0.00 150.00  0.00 165.00  0.00 0.89436 
4  200.00  0.00 245.00  0.00 155.00  0.00 290.00  0.00 0.16436 
4  195.00  0.00 235.00  0.00 155.00  0.00 275.00  0.00 0.17388 
4  190.00  0.00 225.00  0.00 155.00  0.00 260.00  0.00 0.19878 
4  185.00  0.00 215.00  0.00 155.00  0.00 245.00  0.00 0.21449 
4  180.00  0.00 205.00  0.00 155.00  0.00 230.00  0.00 0.25685 
4  175.00  0.00 195.00  0.00 155.00  0.00 215.00  0.00 0.26650 
4  170.00  0.00 185.00  0.00 155.00  0.00 200.00  0.00 0.32953 
4  165.00  0.00 175.00  0.00 155.00  0.00 185.00  0.00 0.48824 
4  160.00  0.00 165.00  0.00 155.00  0.00 170.00  0.00 0.93309 
4  205.00  0.00 250.00  0.00 160.00  0.00 295.00  0.00 0.21633 
4  200.00  0.00 240.00  0.00 160.00  0.00 280.00  0.00 0.16484 
4  195.00  0.00 230.00  0.00 160.00  0.00 265.00  0.00 0.18682 
4  190.00  0.00 220.00  0.00 160.00  0.00 250.00  0.00 0.22814 
4  185.00  0.00 210.00  0.00 160.00  0.00 235.00  0.00 0.25970 
4  180.00  0.00 200.00  0.00 160.00  0.00 220.00  0.00 0.29106 
4  175.00  0.00 190.00  0.00 160.00  0.00 205.00  0.00 0.31511 
4  170.00  0.00 180.00  0.00 160.00  0.00 190.00  0.00 0.52054 
4  165.00  0.00 170.00  0.00 160.00  0.00 175.00  0.00 0.92329 
4  210.00  0.00 255.00  0.00 165.00  0.00 300.00  0.00 0.17929 
4  205.00  0.00 245.00  0.00 165.00  0.00 285.00  0.00 0.15548 
4  200.00  0.00 235.00  0.00 165.00  0.00 270.00  0.00 0.16777 
4  195.00  0.00 225.00  0.00 165.00  0.00 255.00  0.00 0.20961 
4  190.00  0.00 215.00  0.00 165.00  0.00 240.00  0.00 0.26479 
4  185.00  0.00 205.00  0.00 165.00  0.00 225.00  0.00 0.30418 
4  180.00  0.00 195.00  0.00 165.00  0.00 210.00  0.00 0.32865 
4  175.00  0.00 185.00  0.00 165.00  0.00 195.00  0.00 0.52124 
4  170.00  0.00 175.00  0.00 165.00  0.00 180.00  0.00 0.89233 
4  215.00  0.00 260.00  0.00 170.00  0.00 305.00  0.00 0.16835 
4  210.00  0.00 250.00  0.00 170.00  0.00 290.00  0.00 0.14634 
4  205.00  0.00 240.00  0.00 170.00  0.00 275.00  0.00 0.15341 
4  200.00  0.00 230.00  0.00 170.00  0.00 260.00  0.00 0.17274 
4  195.00  0.00 220.00  0.00 170.00  0.00 245.00  0.00 0.23501 
4  190.00  0.00 210.00  0.00 170.00  0.00 230.00  0.00 0.31208 
4  185.00  0.00 200.00  0.00 170.00  0.00 215.00  0.00 0.37434 
4  180.00  0.00 190.00  0.00 170.00  0.00 200.00  0.00 0.46595 
4  175.00  0.00 180.00  0.00 170.00  0.00 185.00  0.00 0.94628 
4  220.00  0.00 265.00  0.00 175.00  0.00 310.00  0.00 0.15900 
4  215.00  0.00 255.00  0.00 175.00  0.00 295.00  0.00 0.14328 
4  210.00  0.00 245.00  0.00 175.00  0.00 280.00  0.00 0.15291 
4  205.00  0.00 235.00  0.00 175.00  0.00 265.00  0.00 0.16468 
4  200.00  0.00 225.00  0.00 175.00  0.00 250.00  0.00 0.19474 
4  195.00  0.00 215.00  0.00 175.00  0.00 235.00  0.00 0.28736 
4  190.00  0.00 205.00  0.00 175.00  0.00 220.00  0.00 0.38755 
4  185.00  0.00 195.00  0.00 175.00  0.00 205.00  0.00 0.49936 
4  180.00  0.00 185.00  0.00 175.00  0.00 190.00  0.00 0.95412 
4  225.00  0.00 270.00  0.00 180.00  0.00 315.00  0.00 0.14384 
4  220.00  0.00 260.00  0.00 180.00  0.00 300.00  0.00 0.14045 
4  215.00  0.00 250.00  0.00 180.00  0.00 285.00  0.00 0.15591 
4  210.00  0.00 240.00  0.00 180.00  0.00 270.00  0.00 0.16394 
4  205.00  0.00 230.00  0.00 180.00  0.00 255.00  0.00 0.17347 
4  200.00  0.00 220.00  0.00 180.00  0.00 240.00  0.00 0.24240 
4  195.00  0.00 210.00  0.00 180.00  0.00 225.00  0.00 0.37690 
4  190.00  0.00 200.00  0.00 180.00  0.00 210.00  0.00 0.60061 
4  185.00  0.00 190.00  0.00 180.00  0.00 195.00  0.00 0.97466 
4  230.00  0.00 275.00  0.00 185.00  0.00 320.00  0.00 0.17578 
4  225.00  0.00 265.00  0.00 185.00  0.00 305.00  0.00 0.14231 
4  220.00  0.00 255.00  0.00 185.00  0.00 290.00  0.00 0.14754 
4  215.00  0.00 245.00  0.00 185.00  0.00 275.00  0.00 0.17674 
4  210.00  0.00 235.00  0.00 185.00  0.00 260.00  0.00 0.16184 
4  205.00  0.00 225.00  0.00 185.00  0.00 245.00  0.00 0.20540 
4  200.00  0.00 215.00  0.00 185.00  0.00 230.00  0.00 0.30558 
4  195.00  0.00 205.00  0.00 185.00  0.00 215.00  0.00 0.57749 
4  190.00  0.00 195.00  0.00 185.00  0.00 200.00  0.00 1.10378 
4  235.00  0.00 280.00  0.00 190.00  0.00 325.00  0.00 0.15723 
4  230.00  0.00 270.00  0.00 190.00  0.00 310.00  0.00 0.15372 
4  225.00  0.00 260.00  0.00 190.00  0.00 295.00  0.00 0.14934 
4  220.00  0.00 250.00  0.00 190.00  0.00 280.00  0.00 0.16007 
4  215.00  0.00 240.00  0.00 190.00  0.00 265.00  0.00 0.17613 
4  210.00  0.00 230.00  0.00 190.00  0.00 250.00  0.00 0.18730 
4  205.00  0.00 220.00  0.00 190.00  0.00 235.00  0.00 0.27599 
4  200.00  0.00 210.00  0.00 190.00  0.00 220.00  0.00 0.46759 
4  195.00  0.00 200.00  0.00 190.00  0.00 205.00  0.00 1.21639 
4  240.00  0.00 285.00  0.00 195.00  0.00 330.00  0.00 0.16528 
4  235.00  0.00 275.00  0.00 195.00  0.00 315.00  0.00 0.16766 
4  230.00  0.00 265.00  0.00 195.00  0.00 300.00  0.00 0.15568 
4  225.00  0.00 255.00  0.00 195.00  0.00 285.00  0.00 0.17085 
4  220.00  0.00 245.00  0.00 195.00  0.00 270.00  0.00 0.18598 
4  215.00  0.00 235.00  0.00 195.00  0.00 255.00  0.00 0.18728 
4  210.00  0.00 225.00  0.00 195.00  0.00 240.00  0.00 0.25540 
4  205.00  0.00 215.00  0.00 195.00  0.00 225.00  0.00 0.43976 
4  200.00  0.00 205.00  0.00 195.00  0.00 210.00  0.00 1.09756 
4  245.00  0.00 290.00  0.00 200.00  0.00 335.00  0.00 0.17209 
4  240.00  0.00 280.00  0.00 200.00  0.00 320.00  0.00 0.17112 
4  235.00  0.00 270.00  0.00 200.00  0.00 305.00  0.00 0.17594 
4  230.00  0.00 260.00  0.00 200.00  0.00 290.00  0.00 0.17187 
4  225.00  0.00 250.00  0.00 200.00  0.00 275.00  0.00 0.19722 
4  220.00  0.00 240.00  0.00 200.00  0.00 260.00  0.00 0.20290 
4  215.00  0.00 230.00  0.00 200.00  0.00 245.00  0.00 0.25300 
4  210.00  0.00 220.00  0.00 200.00  0.00 230.00  0.00 0.41691 
4  205.00  0.00 210.00  0.00 200.00  0.00 215.00  0.00 1.02967 
4  250.00  0.00 295.00  0.00 205.00  0.00 340.00  0.00 0.14890 
4  245.00  0.00 285.00  0.00 205.00  0.00 325.00  0.00 0.17105 
4  240.00  0.00 275.00  0.00 205.00  0.00 310.00  0.00 0.17029 
4  235.00  0.00 265.00  0.00 205.00  0.00 295.00  0.00 0.17536 
4  230.00  0.00 255.00  0.00 205.00  0.00 280.00  0.00 0.20297 
4  225.00  0.00 245.00  0.00 205.00  0.00 265.00  0.00 0.23701 
4  220.00  0.00 235.00  0.00 205.00  0.00 250.00  0.00 0.24926 
4  215.00  0.00 225.00  0.00 205.00  0.00 235.00  0.00 0.40593 
4  210.00  0.00 215.00  0.00 205.00  0.00 220.00  0.00 0.90564 
4  255.00  0.00 300.00  0.00 210.00  0.00 345.00  0.00 0.19272 
4  250.00  0.00 290.00  0.00 210.00  0.00 330.00  0.00 0.16937 
4  245.00  0.00 280.00  0.00 210.00  0.00 315.00  0.00 0.17838 
4  240.00  0.00 270.00  0.00 210.00  0.00 300.00  0.00 0.18130 
4  235.00  0.00 260.00  0.00 210.00  0.00 285.00  0.00 0.20046 
4  230.00  0.00 250.00  0.00 210.00  0.00 270.00  0.00 0.24089 
4  225.00  0.00 240.00  0.00 210.00  0.00 255.00  0.00 0.26528 
4  220.00  0.00 230.00  0.00 210.00  0.00 240.00  0.00 0.37826 
4  215.00  0.00 220.00  0.00 210.00  0.00 225.00  0.00 0.84652 
4  260.00  0.00 305.00  0.00 215.00  0.00 350.00  0.00 0.18775 
4  255.00  0.00 295.00  0.00 215.00  0.00 335.00  0.00 0.17803 
4  250.00  0.00 285.00  0.00 215.00  0.00 320.00  0.00 0.17498 
4  245.00  0.00 275.00  0.00 215.00  0.00 305.00  0.00 0.18442 
4  240.00  0.00 265.00  0.00 215.00  0.00 290.00  0.00 0.19111 
4  235.00  0.00 255.00  0.00 215.00  0.00 275.00  0.00 0.23678 
4  230.00  0.00 245.00  0.00 215.00  0.00 260.00  0.00 0.28152 
4  225.00  0.00 235.00  0.00 215.00  0.00 245.00  0.00 0.35867 
4  220.00  0.00 225.00  0.00 215.00  0.00 230.00  0.00 0.74210 
4  265.00  0.00 310.00  0.00 220.00  0.00 355.00  0.00 0.21003 
4  260.00  0.00 300.00  0.00 220.00  0.00 340.00  0.00 0.18552 
4  255.00  0.00 290.00  0.00 220.00  0.00 325.00  0.00 0.17815 
4  250.00  0.00 280.00  0.00 220.00  0.00 310.00  0.00 0.19278 
4  245.00  0.00 270.00  0.00 220.00  0.00 295.00  0.00 0.19791 
4  240.00  0.00 260.00  0.00 220.00  0.00 280.00  0.00 0.22051 
4  235.00  0.00 250.00  0.00 220.00  0.00 265.00  0.00 0.29535 
4  230.00  0.00 240.00  0.00 220.00  0.00 250.00  0.00 0.38309 
4  225.00  0.00 230.00  0.00 220.00  0.00 235.00  0.00 0.77244 
4  270.00  0.00 315.00  0.00 225.00  0.00 360.00  0.00 0.22154 
4  265.00  0.00 305.00  0.00 225.00  0.00 345.00  0.00 0.19851 
4  260.00  0.00 295.00  0.00 225.00  0.00 330.00  0.00 0.18925 
4  255.00  0.00 285.00  0.00 225.00  0.00 315.00  0.00 0.19216 
4  250.00  0.00 275.00  0.00 225.00  0.00 300.00  0.00 0.19647 
4  245.00  0.00 265.00  0.00 225.00  0.00 285.00  0.00 0.20460 
4  240.00  0.00 255.00  0.00 225.00  0.00 270.00  0.00 0.27860 
4  235.00  0.00 245.00  0.00 225.00  0.00 255.00  0.00 0.39162 
4  230.00  0.00 235.00  0.00 225.00  0.00 240.00  0.00 0.67545 
4  275.00  0.00 320.00  0.00 230.00  0.00 365.00  0.00 0.20469 
4  270.00  0.00 310.00  0.00 230.00  0.00 350.00  0.00 0.19137 
4  265.00  0.00 300.00  0.00 230.00  0.00 335.00  0.00 0.21173 
4  260.00  0.00 290.00  0.00 230.00  0.00 320.00  0.00 0.20254 
4  255.00  0.00 280.00  0.00 230.00  0.00 305.00  0.00 0.20201 
4  250.00  0.00 270.00  0.00 230.00  0.00 290.00  0.00 0.22470 
4  245.00  0.00 260.00  0.00 230.00  0.00 275.00  0.00 0.25195 
4  240.00  0.00 250.00  0.00 230.00  0.00 260.00  0.00 0.38215 
4  235.00  0.00 240.00  0.00 230.00  0.00 245.00  0.00 0.75321 
4  280.00  0.00 325.00  0.00 235.00  0.00 370.00  0.00 0.20219 
4  275.00  0.00 315.00  0.00 235.00  0.00 355.00  0.00 0.19594 
4  270.00  0.00 305.00  0.00 235.00  0.00 340.00  0.00 0.21227 
4  265.00  0.00 295.00  0.00 235.00  0.00 325.00  0.00 0.21333 
4  260.00  0.00 285.00  0.00 235.00  0.00 310.00  0.00 0.21508 
4  255.00  0.00 275.00  0.00 235.00  0.00 295.00  0.00 0.23094 
4  250.00  0.00 265.00  0.00 235.00  0.00 280.00  0.00 0.23904 
4  245.00  0.00 255.00  0.00 235.00  0.00 265.00  0.00 0.38893 
4  240.00  0.00 245.00  0.00 235.00  0.00 250.00  0.00 0.78413 
4  285.00  0.00 330.00  0.00 240.00  0.00 375.00  0.00 0.25516 
4  280.00  0.00 320.00  0.00 240.00  0.00 360.00  0.00 0.20252 
4  275.00  0.00 310.00  0.00 240.00  0.00 345.00  0.00 0.20614 
4  270.00  0.00 300.00  0.00 240.00  0.00 330.00  0.00 0.21864 
4  265.00  0.00 290.00  0.00 240.00  0.00 315.00  0.00 0.23560 
4  260.00  0.00 280.00  0.00 240.00  0.00 300.00  0.00 0.24831 
4  255.00  0.00 270.00  0.00 240.00  0.00 285.00  0.00 0.27332 
4  250.00  0.00 260.00  0.00 240.00  0.00 270.00  0.00 0.40497 
4  245.00  0.00 250.00  0.00 240.00  0.00 255.00  0.00 0.69206 
4  290.00  0.00 335.00  0.00 245.00  0.00 380.00  0.00 0.19449 
4  285.00  0.00 325.00  0.00 245.00  0.00 365.00  0.00 0.20689 
4  280.00  0.00 315.00  0.00 245.00  0.00 350.00  0.00 0.21291 
4  275.00  0.00 305.00  0.00 245.00  0.00 335.00  0.00 0.23163 
4  270.00  0.00 295.00  0.00 245.00  0.00 320.00  0.00 0.23944 
4  265.00  0.00 285.00  0.00 245.00  0.00 305.00  0.00 0.27115 
4  260.00  0.00 275.00  0.00 245.00  0.00 290.00  0.00 0.29752 
4  255.00  0.00 265.00  0.00 245.00  0.00 275.00  0.00 0.35275 
4  250.00  0.00 255.00  0.00 245.00  0.00 260.00  0.00 0.69358 
4  295.00  0.00 340.00  0.00 250.00  0.00 385.00  0.00 0.27751 
4  290.00  0.00 330.00  0.00 250.00  0.00 370.00  0.00 0.20313 
4  285.00  0.00 320.00  0.00 250.00  0.00 355.00  0.00 0.21563 
4  280.00  0.00 310.00  0.00 250.00  0.00 340.00  0.00 0.23092 
4  275.00  0.00 300.00  0.00 250.00  0.00 325.00  0.00 0.24551 
4  270.00  0.00 290.00  0.00 250.00  0.00 310.00  0.00 0.27821 
4  265.00  0.00 280.00  0.00 250.00  0.00 295.00  0.00 0.34110 
4  260.00  0.00 270.00  0.00 250.00  0.00 280.00  0.00 0.40121 
4  255.00  0.00 260.00  0.00 250.00  0.00 265.00  0.00 0.59932 
4  300.00  0.00 345.00  0.00 255.00  0.00 390.00  0.00 0.21092 
4  295.00  0.00 335.00  0.00 255.00  0.00 375.00  0.00 0.19121 
4  290.00  0.00 325.00  0.00 255.00  0.00 360.00  0.00 0.20511 
4  285.00  0.00 315.00  0.00 255.00  0.00 345.00  0.00 0.22373 
4  280.00  0.00 305.00  0.00 255.00  0.00 330.00  0.00 0.24138 
4  275.00  0.00 295.00  0.00 255.00  0.00 315.00  0.00 0.26997 
4  270.00  0.00 285.00  0.00 255.00  0.00 300.00  0.00 0.34083 
4  265.00  0.00 275.00  0.00 255.00  0.00 285.00  0.00 0.46737 
4  260.00  0.00 265.00  0.00 255.00  0.00 270.00  0.00 0.56704 
4  305.00  0.00 350.00  0.00 260.00  0.00 395.00  0.00 0.22689 
4  300.00  0.00 340.00  0.00 260.00  0.00 380.00  0.00 0.21056 
4  295.00  0.00 330.00  0.00 260.00  0.00 365.00  0.00 0.21129 
4  290.00  0.00 320.00  0.00 260.00  0.00 350.00  0.00 0.22345 
4  285.00  0.00 310.00  0.00 260.00  0.00 335.00  0.00 0.23888 
4  280.00  0.00 300.00  0.00 260.00  0.00 320.00  0.00 0.26600 
4  275.00  0.00 290.00  0.00 260.00  0.00 305.00  0.00 0.32305 
4  270.00  0.00 280.00  0.00 260.00  0.00 290.00  0.00 0.48431 
4  265.00  0.00 270.00  0.00 260.00  0.00 275.00  0.00 0.72376 
4  305.00  0.00 345.00  0.00 265.00  0.00 385.00  0.00 0.29257 
4  300.00  0.00 335.00  0.00 265.00  0.00 370.00  0.00 0.21079 
4  295.00  0.00 325.00  0.00 265.00  0.00 355.00  0.00 0.22152 
4  290.00  0.00 315.00  0.00 265.00  0.00 340.00  0.00 0.24360 
4  285.00  0.00 305.00  0.00 265.00  0.00 325.00  0.00 0.27129 
4  280.00  0.00 295.00  0.00 265.00  0.00 310.00  0.00 0.31568 
4  275.00  0.00 285.00  0.00 265.00  0.00 295.00  0.00 0.49209 
4  270.00  0.00 275.00  0.00 265.00  0.00 280.00  0.00 0.71526 
4  310.00  0.00 350.00  0.00 270.00  0.00 390.00  0.00 0.21359 
4  305.00  0.00 340.00  0.00 270.00  0.00 375.00  0.00 0.22865 
4  300.00  0.00 330.00  0.00 270.00  0.00 360.00  0.00 0.23228 
4  295.00  0.00 320.00  0.00 270.00  0.00 345.00  0.00 0.25981 
4  290.00  0.00 310.00  0.00 270.00  0.00 330.00  0.00 0.27703 
4  285.00  0.00 300.00  0.00 270.00  0.00 315.00  0.00 0.33914 
4  280.00  0.00 290.00  0.00 270.00  0.00 300.00  0.00 0.50016 
4  275.00  0.00 280.00  0.00 270.00  0.00 285.00  0.00 0.85520 
4  315.00  0.00 355.00  0.00 275.00  0.00 395.00  0.00 0.26796 
4  310.00  0.00 345.00  0.00 275.00  0.00 380.00  0.00 0.24888 
4  305.00  0.00 335.00  0.00 275.00  0.00 365.00  0.00 0.23988 
4  300.00  0.00 325.00  0.00 275.00  0.00 350.00  0.00 0.25841 
4  295.00  0.00 315.00  0.00 275.00  0.00 335.00  0.00 0.29425 
4  290.00  0.00 305.00  0.00 275.00  0.00 320.00  0.00 0.34594 
4  285.00  0.00 295.00  0.00 275.00  0.00 305.00  0.00 0.47359 
4  280.00  0.00 285.00  0.00 275.00  0.00 290.00  0.00 0.86836 
4  315.00  0.00 350.00  0.00 280.00  0.00 385.00  0.00 0.31312 
4  310.00  0.00 340.00  0.00 280.00  0.00 370.00  0.00 0.25638 
4  305.00  0.00 330.00  0.00 280.00  0.00 355.00  0.00 0.26112 
4  300.00  0.00 320.00  0.00 280.00  0.00 340.00  0.00 0.29805 
4  295.00  0.00 310.00  0.00 280.00  0.00 325.00  0.00 0.35021 
4  290.00  0.00 300.00  0.00 280.00  0.00 310.00  0.00 0.51472 
4  285.00  0.00 290.00  0.00 280.00  0.00 295.00  0.00 0.92301 
4  320.00  0.00 355.00  0.00 285.00  0.00 390.00  0.00 0.32003 
4  315.00  0.00 345.00  0.00 285.00  0.00 375.00  0.00 0.27476 
4  310.00  0.00 335.00  0.00 285.00  0.00 360.00  0.00 0.26171 
4  305.00  0.00 325.00  0.00 285.00  0.00 345.00  0.00 0.29233 
4  300.00  0.00 315.00  0.00 285.00  0.00 330.00  0.00 0.35521 
4  295.00  0.00 305.00  0.00 285.00  0.00 315.00  0.00 0.52800 
4  290.00  0.00 295.00  0.00 285.00  0.00 300.00  0.00 0.98072 
4  325.00  0.00 360.00  0.00 290.00  0.00 395.00  0.00 0.29967 
4  320.00  0.00 350.00  0.00 290.00  0.00 380.00  0.00 0.30317 
4  315.00  0.00 340.00  0.00 290.00  0.00 365.00  0.00 0.28908 
4  310.00  0.00 330.00  0.00 290.00  0.00 350.00  0.00 0.30171 
4  305.00  0.00 320.00  0.00 290.00  0.00 335.00  0.00 0.35381 
4  300.00  0.00 310.00  0.00 290.00  0.00 320.00  0.00 0.50216 
4  295.00  0.00 300.00  0.00 290.00  0.00 305.00  0.00 0.96102 
4  325.00  0.00 355.00  0.00 295.00  0.00 385.00  0.00 0.36322 
4  320.00  0.00 345.00  0.00 295.00  0.00 370.00  0.00 0.29697 
4  315.00  0.00 335.00  0.00 295.00  0.00 355.00  0.00 0.29337 
4  310.00  0.00 325.00  0.00 295.00  0.00 340.00  0.00 0.34561 
4  305.00  0.00 315.00  0.00 295.00  0.00 325.00  0.00 0.46748 
4  300.00  0.00 305.00  0.00 295.00  0.00 310.00  0.00 0.87990 
4  330.00  0.00 360.00  0.00 300.00  0.00 390.00  0.00 0.38044 
4  325.00  0.00 350.00  0.00 300.00  0.00 375.00  0.00 0.33324 
4  320.00  0.00 340.00  0.00 300.00  0.00 360.00  0.00 0.30796 
4  315.00  0.00 330.00  0.00 300.00  0.00 345.00  0.00 0.35288 
4  310.00  0.00 320.00  0.00 300.00  0.00 330.00  0.00 0.72183 
4  305.00  0.00 310.00  0.00 300.00  0.00 315.00  0.00 0.79909 
4  335.00  0.00 365.00  0.00 305.00  0.00 395.00  0.00 0.36232 
4  330.00  0.00 355.00  0.00 305.00  0.00 380.00  0.00 0.36224 
4  325.00  0.00 345.00  0.00 305.00  0.00 365.00  0.00 0.34071 
4  320.00  0.00 335.00  0.00 305.00  0.00 350.00  0.00 0.33524 
4  315.00  0.00 325.00  0.00 305.00  0.00 335.00  0.00 0.51706 
4  310.00  0.00 315.00  0.00 305.00  0.00 320.00  0.00 0.74335 
4  335.00  0.00 360.00  0.00 310.00  0.00 385.00  0.00 0.49814 
4  330.00  0.00 350.00  0.00 310.00  0.00 370.00  0.00 0.36713 
4  325.00  0.00 340.00  0.00 310.00  0.00 355.00  0.00 0.35910 
4  320.00  0.00 330.00  0.00 310.00  0.00 340.00  0.00 0.56599 
4  315.00  0.00 320.00  0.00 310.00  0.00 325.00  0.00 0.75869 
4  340.00  0.00 365.00  0.00 315.00  0.00 390.00  0.00 0.41340 
4  335.00  0.00 355.00  0.00 315.00  0.00 375.00  0.00 0.40990 
4  330.00  0.00 345.00  0.00 315.00  0.00 360.00  0.00 0.38328 
4  325.00  0.00 335.00  0.00 315.00  0.00 345.00  0.00 0.54488 
4  320.00  0.00 325.00  0.00 315.00  0.00 330.00  0.00 0.69798 
4  345.00  0.00 370.00  0.00 320.00  0.00 395.00  0.00 0.40410 
4  340.00  0.00 360.00  0.00 320.00  0.00 380.00  0.00 0.43309 
4  335.00  0.00 350.00  0.00 320.00  0.00 365.00  0.00 0.44741 
4  330.00  0.00 340.00  0.00 320.00  0.00 350.00  0.00 0.59354 
4  325.00  0.00 330.00  0.00 320.00  0.00 335.00  0.00 0.76266 
4  345.00  0.00 365.00  0.00 325.00  0.00 385.00  0.00 0.47805 
4  340.00  0.00 355.00  0.00 325.00  0.00 370.00  0.00 0.47557 
4  335.00  0.00 345.00  0.00 325.00  0.00 355.00  0.00 0.53429 
4  330.00  0.00 335.00  0.00 325.00  0.00 340.00  0.00 0.66861 
4  350.00  0.00 370.00  0.00 330.00  0.00 390.00  0.00 0.62267 
4  345.00  0.00 360.00  0.00 330.00  0.00 375.00  0.00 0.48621 
4  340.00  0.00 350.00  0.00 330.00  0.00 360.00  0.00 0.57100 
4  335.00  0.00 340.00  0.00 330.00  0.00 345.00  0.00 0.79086 
4  355.00  0.00 375.00  0.00 335.00  0.00 395.00  0.00 0.45345 
4  350.00  0.00 365.00  0.00 335.00  0.00 380.00  0.00 0.48902 
4  345.00  0.00 355.00  0.00 335.00  0.00 365.00  0.00 0.60785 
4  340.00  0.00 345.00  0.00 335.00  0.00 350.00  0.00 0.73457 
4  355.00  0.00 370.00  0.00 340.00  0.00 385.00  0.00 0.66673 
4  350.00  0.00 360.00  0.00 340.00  0.00 370.00  0.00 0.60498 
4  345.00  0.00 350.00  0.00 340.00  0.00 355.00  0.00 0.86348 
4  360.00  0.00 375.00  0.00 345.00  0.00 390.00  0.00 0.58546 
4  355.00  0.00 365.00  0.00 345.00  0.00 375.00  0.00 0.59097 
4  350.00  0.00 355.00  0.00 345.00  0.00 360.00  0.00 0.82560 
4  365.00  0.00 380.00  0.00 350.00  0.00 395.00  0.00 0.57652 
4  360.00  0.00 370.00  0.00 350.00  0.00 380.00  0.00 0.67816 
4  355.00  0.00 360.00  0.00 350.00  0.00 365.00  0.00 0.87995 
4  365.00  0.00 375.00  0.00 355.00  0.00 385.00  0.00 0.78990 
4  360.00  0.00 365.00  0.00 355.00  0.00 370.00  0.00 0.88744 
4  370.00  0.00 380.00  0.00 360.00  0.00 390.00  0.00 0.76592 
4  365.00  0.00 370.00  0.00 360.00  0.00 375.00  0.00 1.08937 
4  375.00  0.00 385.00  0.00 365.00  0.00 395.00  0.00 0.67936 
4  370.00  0.00 375.00  0.00 365.00  0.00 380.00  0.00 1.16194 
4  375.00  0.00 380.00  0.00 370.00  0.00 385.00  0.00 1.38102 
4  380.00  0.00 385.00  0.00 375.00  0.00 390.00  0.00 1.38217 
4  385.00  0.00 390.00  0.00 380.00  0.00 395.00  0.00 1.65618 
0
0
0
0
