PROFILD_5m_20210721.EE.bin
         5.00
11
0
Type of measurement (0=app. resistivity,1=resistance)
1
882
 2
0
4  0.00  0.00 135.00  0.00 45.00  0.00 90.00  0.00 0.14256 
4  0.00  0.00 120.00  0.00 40.00  0.00 80.00  0.00 0.14153 
4  0.00  0.00 105.00  0.00 35.00  0.00 70.00  0.00 0.14873 
4  0.00  0.00 90.00  0.00 30.00  0.00 60.00  0.00 0.17380 
4  0.00  0.00 75.00  0.00 25.00  0.00 50.00  0.00 0.21146 
4  0.00  0.00 60.00  0.00 20.00  0.00 40.00  0.00 0.25976 
4  0.00  0.00 45.00  0.00 15.00  0.00 30.00  0.00 0.22461 
4  0.00  0.00 30.00  0.00 10.00  0.00 20.00  0.00 0.45574 
4  0.00  0.00 15.00  0.00 5.00  0.00 10.00  0.00 1.40376 
4  5.00  0.00 140.00  0.00 50.00  0.00 95.00  0.00 0.09230 
4  5.00  0.00 125.00  0.00 45.00  0.00 85.00  0.00 0.10851 
4  5.00  0.00 110.00  0.00 40.00  0.00 75.00  0.00 0.13404 
4  5.00  0.00 95.00  0.00 35.00  0.00 65.00  0.00 0.14345 
4  5.00  0.00 80.00  0.00 30.00  0.00 55.00  0.00 0.19357 
4  5.00  0.00 65.00  0.00 25.00  0.00 45.00  0.00 0.26581 
4  5.00  0.00 50.00  0.00 20.00  0.00 35.00  0.00 0.27016 
4  5.00  0.00 35.00  0.00 15.00  0.00 25.00  0.00 0.30642 
4  5.00  0.00 20.00  0.00 10.00  0.00 15.00  0.00 1.08289 
4  10.00  0.00 145.00  0.00 55.00  0.00 100.00  0.00 0.09516 
4  10.00  0.00 130.00  0.00 50.00  0.00 90.00  0.00 0.12812 
4  10.00  0.00 115.00  0.00 45.00  0.00 80.00  0.00 0.14905 
4  10.00  0.00 100.00  0.00 40.00  0.00 70.00  0.00 0.15894 
4  10.00  0.00 85.00  0.00 35.00  0.00 60.00  0.00 0.18185 
4  10.00  0.00 70.00  0.00 30.00  0.00 50.00  0.00 0.27511 
4  10.00  0.00 55.00  0.00 25.00  0.00 40.00  0.00 0.37340 
4  10.00  0.00 40.00  0.00 20.00  0.00 30.00  0.00 0.37187 
4  10.00  0.00 25.00  0.00 15.00  0.00 20.00  0.00 0.83534 
4  15.00  0.00 150.00  0.00 60.00  0.00 105.00  0.00 0.10818 
4  15.00  0.00 135.00  0.00 55.00  0.00 95.00  0.00 0.14011 
4  15.00  0.00 120.00  0.00 50.00  0.00 85.00  0.00 0.15297 
4  15.00  0.00 105.00  0.00 45.00  0.00 75.00  0.00 0.16312 
4  15.00  0.00 90.00  0.00 40.00  0.00 65.00  0.00 0.18640 
4  15.00  0.00 75.00  0.00 35.00  0.00 55.00  0.00 0.27719 
4  15.00  0.00 60.00  0.00 30.00  0.00 45.00  0.00 0.40912 
4  15.00  0.00 45.00  0.00 25.00  0.00 35.00  0.00 0.53809 
4  15.00  0.00 30.00  0.00 20.00  0.00 25.00  0.00 0.82867 
4  20.00  0.00 155.00  0.00 65.00  0.00 110.00  0.00 0.12947 
4  20.00  0.00 140.00  0.00 60.00  0.00 100.00  0.00 0.13514 
4  20.00  0.00 125.00  0.00 55.00  0.00 90.00  0.00 0.15286 
4  20.00  0.00 110.00  0.00 50.00  0.00 80.00  0.00 0.18667 
4  20.00  0.00 95.00  0.00 45.00  0.00 70.00  0.00 0.19626 
4  20.00  0.00 80.00  0.00 40.00  0.00 60.00  0.00 0.22432 
4  20.00  0.00 65.00  0.00 35.00  0.00 50.00  0.00 0.35949 
4  20.00  0.00 50.00  0.00 30.00  0.00 40.00  0.00 0.58761 
4  20.00  0.00 35.00  0.00 25.00  0.00 30.00  0.00 0.92051 
4  25.00  0.00 160.00  0.00 70.00  0.00 115.00  0.00 0.13524 
4  25.00  0.00 145.00  0.00 65.00  0.00 105.00  0.00 0.12250 
4  25.00  0.00 130.00  0.00 60.00  0.00 95.00  0.00 0.15627 
4  25.00  0.00 115.00  0.00 55.00  0.00 85.00  0.00 0.18731 
4  25.00  0.00 100.00  0.00 50.00  0.00 75.00  0.00 0.20761 
4  25.00  0.00 85.00  0.00 45.00  0.00 65.00  0.00 0.22079 
4  25.00  0.00 70.00  0.00 40.00  0.00 55.00  0.00 0.32149 
4  25.00  0.00 55.00  0.00 35.00  0.00 45.00  0.00 0.47794 
4  25.00  0.00 40.00  0.00 30.00  0.00 35.00  0.00 0.88693 
4  30.00  0.00 165.00  0.00 75.00  0.00 120.00  0.00 0.14224 
4  30.00  0.00 150.00  0.00 70.00  0.00 110.00  0.00 0.12967 
4  30.00  0.00 135.00  0.00 65.00  0.00 100.00  0.00 0.15227 
4  30.00  0.00 120.00  0.00 60.00  0.00 90.00  0.00 0.18111 
4  30.00  0.00 105.00  0.00 55.00  0.00 80.00  0.00 0.21113 
4  30.00  0.00 90.00  0.00 50.00  0.00 70.00  0.00 0.25493 
4  30.00  0.00 75.00  0.00 45.00  0.00 60.00  0.00 0.30815 
4  30.00  0.00 60.00  0.00 40.00  0.00 50.00  0.00 0.42545 
4  30.00  0.00 45.00  0.00 35.00  0.00 40.00  0.00 1.03515 
4  35.00  0.00 170.00  0.00 80.00  0.00 125.00  0.00 0.14643 
4  35.00  0.00 155.00  0.00 75.00  0.00 115.00  0.00 0.14464 
4  35.00  0.00 140.00  0.00 70.00  0.00 105.00  0.00 0.14398 
4  35.00  0.00 125.00  0.00 65.00  0.00 95.00  0.00 0.18065 
4  35.00  0.00 110.00  0.00 60.00  0.00 85.00  0.00 0.25514 
4  35.00  0.00 95.00  0.00 55.00  0.00 75.00  0.00 0.27432 
4  35.00  0.00 80.00  0.00 50.00  0.00 65.00  0.00 0.33094 
4  35.00  0.00 65.00  0.00 45.00  0.00 55.00  0.00 0.53095 
4  35.00  0.00 50.00  0.00 40.00  0.00 45.00  0.00 0.89224 
4  40.00  0.00 175.00  0.00 85.00  0.00 130.00  0.00 0.14528 
4  40.00  0.00 160.00  0.00 80.00  0.00 120.00  0.00 0.14902 
4  40.00  0.00 145.00  0.00 75.00  0.00 110.00  0.00 0.14535 
4  40.00  0.00 130.00  0.00 70.00  0.00 100.00  0.00 0.17955 
4  40.00  0.00 115.00  0.00 65.00  0.00 90.00  0.00 0.25111 
4  40.00  0.00 100.00  0.00 60.00  0.00 80.00  0.00 0.32551 
4  40.00  0.00 85.00  0.00 55.00  0.00 70.00  0.00 0.37624 
4  40.00  0.00 70.00  0.00 50.00  0.00 60.00  0.00 0.56856 
4  40.00  0.00 55.00  0.00 45.00  0.00 50.00  0.00 0.91712 
4  45.00  0.00 180.00  0.00 90.00  0.00 135.00  0.00 0.14354 
4  45.00  0.00 165.00  0.00 85.00  0.00 125.00  0.00 0.15110 
4  45.00  0.00 150.00  0.00 80.00  0.00 115.00  0.00 0.15182 
4  45.00  0.00 135.00  0.00 75.00  0.00 105.00  0.00 0.16588 
4  45.00  0.00 120.00  0.00 70.00  0.00 95.00  0.00 0.22093 
4  45.00  0.00 105.00  0.00 65.00  0.00 85.00  0.00 0.32341 
4  45.00  0.00 90.00  0.00 60.00  0.00 75.00  0.00 0.43195 
4  45.00  0.00 75.00  0.00 55.00  0.00 65.00  0.00 0.56793 
4  45.00  0.00 60.00  0.00 50.00  0.00 55.00  0.00 1.10583 
4  50.00  0.00 185.00  0.00 95.00  0.00 140.00  0.00 0.15431 
4  50.00  0.00 170.00  0.00 90.00  0.00 130.00  0.00 0.15341 
4  50.00  0.00 155.00  0.00 85.00  0.00 120.00  0.00 0.15152 
4  50.00  0.00 140.00  0.00 80.00  0.00 110.00  0.00 0.17444 
4  50.00  0.00 125.00  0.00 75.00  0.00 100.00  0.00 0.19007 
4  50.00  0.00 110.00  0.00 70.00  0.00 90.00  0.00 0.30130 
4  50.00  0.00 95.00  0.00 65.00  0.00 80.00  0.00 0.45307 
4  50.00  0.00 80.00  0.00 60.00  0.00 70.00  0.00 0.63868 
4  50.00  0.00 65.00  0.00 55.00  0.00 60.00  0.00 0.93236 
4  55.00  0.00 190.00  0.00 100.00  0.00 145.00  0.00 0.16737 
4  55.00  0.00 175.00  0.00 95.00  0.00 135.00  0.00 0.14896 
4  55.00  0.00 160.00  0.00 90.00  0.00 125.00  0.00 0.16527 
4  55.00  0.00 145.00  0.00 85.00  0.00 115.00  0.00 0.16656 
4  55.00  0.00 130.00  0.00 80.00  0.00 105.00  0.00 0.18092 
4  55.00  0.00 115.00  0.00 75.00  0.00 95.00  0.00 0.28002 
4  55.00  0.00 100.00  0.00 70.00  0.00 85.00  0.00 0.48066 
4  55.00  0.00 85.00  0.00 65.00  0.00 75.00  0.00 0.70722 
4  55.00  0.00 70.00  0.00 60.00  0.00 65.00  0.00 1.27280 
4  60.00  0.00 195.00  0.00 105.00  0.00 150.00  0.00 0.17191 
4  60.00  0.00 180.00  0.00 100.00  0.00 140.00  0.00 0.16827 
4  60.00  0.00 165.00  0.00 95.00  0.00 130.00  0.00 0.16567 
4  60.00  0.00 150.00  0.00 90.00  0.00 120.00  0.00 0.16598 
4  60.00  0.00 135.00  0.00 85.00  0.00 110.00  0.00 0.18628 
4  60.00  0.00 120.00  0.00 80.00  0.00 100.00  0.00 0.23506 
4  60.00  0.00 105.00  0.00 75.00  0.00 90.00  0.00 0.40010 
4  60.00  0.00 90.00  0.00 70.00  0.00 80.00  0.00 0.72301 
4  60.00  0.00 75.00  0.00 65.00  0.00 70.00  0.00 1.49920 
4  65.00  0.00 200.00  0.00 110.00  0.00 155.00  0.00 0.13740 
4  65.00  0.00 185.00  0.00 105.00  0.00 145.00  0.00 0.17504 
4  65.00  0.00 170.00  0.00 100.00  0.00 135.00  0.00 0.17058 
4  65.00  0.00 155.00  0.00 95.00  0.00 125.00  0.00 0.18535 
4  65.00  0.00 140.00  0.00 90.00  0.00 115.00  0.00 0.19977 
4  65.00  0.00 125.00  0.00 85.00  0.00 105.00  0.00 0.20770 
4  65.00  0.00 110.00  0.00 80.00  0.00 95.00  0.00 0.38705 
4  65.00  0.00 95.00  0.00 75.00  0.00 85.00  0.00 0.76207 
4  65.00  0.00 80.00  0.00 70.00  0.00 75.00  0.00 1.52120 
4  70.00  0.00 205.00  0.00 115.00  0.00 160.00  0.00 0.16178 
4  70.00  0.00 190.00  0.00 110.00  0.00 150.00  0.00 0.18065 
4  70.00  0.00 175.00  0.00 105.00  0.00 140.00  0.00 0.18154 
4  70.00  0.00 160.00  0.00 100.00  0.00 130.00  0.00 0.19764 
4  70.00  0.00 145.00  0.00 95.00  0.00 120.00  0.00 0.20585 
4  70.00  0.00 130.00  0.00 90.00  0.00 110.00  0.00 0.24204 
4  70.00  0.00 115.00  0.00 85.00  0.00 100.00  0.00 0.32863 
4  70.00  0.00 100.00  0.00 80.00  0.00 90.00  0.00 0.68179 
4  70.00  0.00 85.00  0.00 75.00  0.00 80.00  0.00 1.57768 
4  75.00  0.00 210.00  0.00 120.00  0.00 165.00  0.00 0.14733 
4  75.00  0.00 195.00  0.00 115.00  0.00 155.00  0.00 0.17402 
4  75.00  0.00 180.00  0.00 110.00  0.00 145.00  0.00 0.20024 
4  75.00  0.00 165.00  0.00 105.00  0.00 135.00  0.00 0.19685 
4  75.00  0.00 150.00  0.00 100.00  0.00 125.00  0.00 0.24079 
4  75.00  0.00 135.00  0.00 95.00  0.00 115.00  0.00 0.26215 
4  75.00  0.00 120.00  0.00 90.00  0.00 105.00  0.00 0.33671 
4  75.00  0.00 105.00  0.00 85.00  0.00 95.00  0.00 0.56570 
4  75.00  0.00 90.00  0.00 80.00  0.00 85.00  0.00 1.59542 
4  80.00  0.00 215.00  0.00 125.00  0.00 170.00  0.00 0.15365 
4  80.00  0.00 200.00  0.00 120.00  0.00 160.00  0.00 0.16625 
4  80.00  0.00 185.00  0.00 115.00  0.00 150.00  0.00 0.19274 
4  80.00  0.00 170.00  0.00 110.00  0.00 140.00  0.00 0.22255 
4  80.00  0.00 155.00  0.00 105.00  0.00 130.00  0.00 0.24000 
4  80.00  0.00 140.00  0.00 100.00  0.00 120.00  0.00 0.28540 
4  80.00  0.00 125.00  0.00 95.00  0.00 110.00  0.00 0.31551 
4  80.00  0.00 110.00  0.00 90.00  0.00 100.00  0.00 0.60096 
4  80.00  0.00 95.00  0.00 85.00  0.00 90.00  0.00 1.15835 
4  85.00  0.00 220.00  0.00 130.00  0.00 175.00  0.00 0.15542 
4  85.00  0.00 205.00  0.00 125.00  0.00 165.00  0.00 0.17200 
4  85.00  0.00 190.00  0.00 120.00  0.00 155.00  0.00 0.17840 
4  85.00  0.00 175.00  0.00 115.00  0.00 145.00  0.00 0.20770 
4  85.00  0.00 160.00  0.00 110.00  0.00 135.00  0.00 0.23228 
4  85.00  0.00 145.00  0.00 105.00  0.00 125.00  0.00 0.29580 
4  85.00  0.00 130.00  0.00 100.00  0.00 115.00  0.00 0.38818 
4  85.00  0.00 115.00  0.00 95.00  0.00 105.00  0.00 0.57460 
4  85.00  0.00 100.00  0.00 90.00  0.00 95.00  0.00 1.36998 
4  90.00  0.00 225.00  0.00 135.00  0.00 180.00  0.00 0.15253 
4  90.00  0.00 210.00  0.00 130.00  0.00 170.00  0.00 0.17819 
4  90.00  0.00 195.00  0.00 125.00  0.00 160.00  0.00 0.18036 
4  90.00  0.00 180.00  0.00 120.00  0.00 150.00  0.00 0.19362 
4  90.00  0.00 165.00  0.00 115.00  0.00 140.00  0.00 0.22954 
4  90.00  0.00 150.00  0.00 110.00  0.00 130.00  0.00 0.29264 
4  90.00  0.00 135.00  0.00 105.00  0.00 120.00  0.00 0.35988 
4  90.00  0.00 120.00  0.00 100.00  0.00 110.00  0.00 0.56267 
4  90.00  0.00 105.00  0.00 95.00  0.00 100.00  0.00 0.97943 
4  95.00  0.00 230.00  0.00 140.00  0.00 185.00  0.00 0.14262 
4  95.00  0.00 215.00  0.00 135.00  0.00 175.00  0.00 0.17562 
4  95.00  0.00 200.00  0.00 130.00  0.00 165.00  0.00 0.19319 
4  95.00  0.00 185.00  0.00 125.00  0.00 155.00  0.00 0.18804 
4  95.00  0.00 170.00  0.00 120.00  0.00 145.00  0.00 0.21131 
4  95.00  0.00 155.00  0.00 115.00  0.00 135.00  0.00 0.25315 
4  95.00  0.00 140.00  0.00 110.00  0.00 125.00  0.00 0.38201 
4  95.00  0.00 125.00  0.00 105.00  0.00 115.00  0.00 0.44606 
4  95.00  0.00 110.00  0.00 100.00  0.00 105.00  0.00 1.22097 
4  100.00  0.00 235.00  0.00 145.00  0.00 190.00  0.00 0.13637 
4  100.00  0.00 220.00  0.00 140.00  0.00 180.00  0.00 0.15760 
4  100.00  0.00 205.00  0.00 135.00  0.00 170.00  0.00 0.19822 
4  100.00  0.00 190.00  0.00 130.00  0.00 160.00  0.00 0.20175 
4  100.00  0.00 175.00  0.00 125.00  0.00 150.00  0.00 0.19919 
4  100.00  0.00 160.00  0.00 120.00  0.00 140.00  0.00 0.24103 
4  100.00  0.00 145.00  0.00 115.00  0.00 130.00  0.00 0.32395 
4  100.00  0.00 130.00  0.00 110.00  0.00 120.00  0.00 0.47598 
4  100.00  0.00 115.00  0.00 105.00  0.00 110.00  0.00 0.73477 
4  105.00  0.00 240.00  0.00 150.00  0.00 195.00  0.00 0.12811 
4  105.00  0.00 225.00  0.00 145.00  0.00 185.00  0.00 0.14294 
4  105.00  0.00 210.00  0.00 140.00  0.00 175.00  0.00 0.17997 
4  105.00  0.00 195.00  0.00 135.00  0.00 165.00  0.00 0.21107 
4  105.00  0.00 180.00  0.00 130.00  0.00 155.00  0.00 0.21255 
4  105.00  0.00 165.00  0.00 125.00  0.00 145.00  0.00 0.22857 
4  105.00  0.00 150.00  0.00 120.00  0.00 135.00  0.00 0.28195 
4  105.00  0.00 135.00  0.00 115.00  0.00 125.00  0.00 0.52352 
4  105.00  0.00 120.00  0.00 110.00  0.00 115.00  0.00 1.11310 
4  110.00  0.00 245.00  0.00 155.00  0.00 200.00  0.00 0.06569 
4  110.00  0.00 230.00  0.00 150.00  0.00 190.00  0.00 0.14719 
4  110.00  0.00 215.00  0.00 145.00  0.00 180.00  0.00 0.16281 
4  110.00  0.00 200.00  0.00 140.00  0.00 170.00  0.00 0.21130 
4  110.00  0.00 185.00  0.00 135.00  0.00 160.00  0.00 0.23429 
4  110.00  0.00 170.00  0.00 130.00  0.00 150.00  0.00 0.25506 
4  110.00  0.00 155.00  0.00 125.00  0.00 140.00  0.00 0.23716 
4  110.00  0.00 140.00  0.00 120.00  0.00 130.00  0.00 0.46792 
4  110.00  0.00 125.00  0.00 115.00  0.00 120.00  0.00 0.70321 
4  115.00  0.00 250.00  0.00 160.00  0.00 205.00  0.00 0.11635 
4  115.00  0.00 235.00  0.00 155.00  0.00 195.00  0.00 0.13293 
4  115.00  0.00 220.00  0.00 150.00  0.00 185.00  0.00 0.15605 
4  115.00  0.00 205.00  0.00 145.00  0.00 175.00  0.00 0.19504 
4  115.00  0.00 190.00  0.00 140.00  0.00 165.00  0.00 0.22883 
4  115.00  0.00 175.00  0.00 135.00  0.00 155.00  0.00 0.25551 
4  115.00  0.00 160.00  0.00 130.00  0.00 145.00  0.00 0.32065 
4  115.00  0.00 145.00  0.00 125.00  0.00 135.00  0.00 0.35653 
4  115.00  0.00 130.00  0.00 120.00  0.00 125.00  0.00 1.02016 
4  120.00  0.00 255.00  0.00 165.00  0.00 210.00  0.00 0.11039 
4  120.00  0.00 240.00  0.00 160.00  0.00 200.00  0.00 0.11922 
4  120.00  0.00 225.00  0.00 155.00  0.00 190.00  0.00 0.14431 
4  120.00  0.00 210.00  0.00 150.00  0.00 180.00  0.00 0.18097 
4  120.00  0.00 195.00  0.00 145.00  0.00 170.00  0.00 0.21511 
4  120.00  0.00 180.00  0.00 140.00  0.00 160.00  0.00 0.25123 
4  120.00  0.00 165.00  0.00 135.00  0.00 150.00  0.00 0.33071 
4  120.00  0.00 150.00  0.00 130.00  0.00 140.00  0.00 0.46689 
4  120.00  0.00 135.00  0.00 125.00  0.00 130.00  0.00 0.83475 
4  125.00  0.00 260.00  0.00 170.00  0.00 215.00  0.00 0.12863 
4  125.00  0.00 245.00  0.00 165.00  0.00 205.00  0.00 0.12691 
4  125.00  0.00 230.00  0.00 160.00  0.00 195.00  0.00 0.14146 
4  125.00  0.00 215.00  0.00 155.00  0.00 185.00  0.00 0.18232 
4  125.00  0.00 200.00  0.00 150.00  0.00 175.00  0.00 0.22251 
4  125.00  0.00 185.00  0.00 145.00  0.00 165.00  0.00 0.26295 
4  125.00  0.00 170.00  0.00 140.00  0.00 155.00  0.00 0.32138 
4  125.00  0.00 155.00  0.00 135.00  0.00 145.00  0.00 0.58009 
4  125.00  0.00 140.00  0.00 130.00  0.00 135.00  0.00 0.87698 
4  130.00  0.00 265.00  0.00 175.00  0.00 220.00  0.00 0.13778 
4  130.00  0.00 250.00  0.00 170.00  0.00 210.00  0.00 0.13185 
4  130.00  0.00 235.00  0.00 165.00  0.00 200.00  0.00 0.13654 
4  130.00  0.00 220.00  0.00 160.00  0.00 190.00  0.00 0.16998 
4  130.00  0.00 205.00  0.00 155.00  0.00 180.00  0.00 0.22279 
4  130.00  0.00 190.00  0.00 150.00  0.00 170.00  0.00 0.26593 
4  130.00  0.00 175.00  0.00 145.00  0.00 160.00  0.00 0.31334 
4  130.00  0.00 160.00  0.00 140.00  0.00 150.00  0.00 0.51565 
4  130.00  0.00 145.00  0.00 135.00  0.00 140.00  0.00 1.18959 
4  135.00  0.00 270.00  0.00 180.00  0.00 225.00  0.00 0.14329 
4  135.00  0.00 255.00  0.00 175.00  0.00 215.00  0.00 0.13855 
4  135.00  0.00 240.00  0.00 170.00  0.00 205.00  0.00 0.14051 
4  135.00  0.00 225.00  0.00 165.00  0.00 195.00  0.00 0.15239 
4  135.00  0.00 210.00  0.00 160.00  0.00 185.00  0.00 0.21053 
4  135.00  0.00 195.00  0.00 155.00  0.00 175.00  0.00 0.26485 
4  135.00  0.00 180.00  0.00 150.00  0.00 165.00  0.00 0.32884 
4  135.00  0.00 165.00  0.00 145.00  0.00 155.00  0.00 0.44561 
4  135.00  0.00 150.00  0.00 140.00  0.00 145.00  0.00 1.13679 
4  140.00  0.00 275.00  0.00 185.00  0.00 230.00  0.00 0.15157 
4  140.00  0.00 260.00  0.00 180.00  0.00 220.00  0.00 0.15966 
4  140.00  0.00 245.00  0.00 175.00  0.00 210.00  0.00 0.15485 
4  140.00  0.00 230.00  0.00 170.00  0.00 200.00  0.00 0.15397 
4  140.00  0.00 215.00  0.00 165.00  0.00 190.00  0.00 0.20258 
4  140.00  0.00 200.00  0.00 160.00  0.00 180.00  0.00 0.27288 
4  140.00  0.00 185.00  0.00 155.00  0.00 170.00  0.00 0.36718 
4  140.00  0.00 170.00  0.00 150.00  0.00 160.00  0.00 0.50438 
4  140.00  0.00 155.00  0.00 145.00  0.00 150.00  0.00 1.16288 
4  145.00  0.00 280.00  0.00 190.00  0.00 235.00  0.00 0.15287 
4  145.00  0.00 265.00  0.00 185.00  0.00 225.00  0.00 0.17127 
4  145.00  0.00 250.00  0.00 180.00  0.00 215.00  0.00 0.16739 
4  145.00  0.00 235.00  0.00 175.00  0.00 205.00  0.00 0.16159 
4  145.00  0.00 220.00  0.00 170.00  0.00 195.00  0.00 0.18546 
4  145.00  0.00 205.00  0.00 165.00  0.00 185.00  0.00 0.26508 
4  145.00  0.00 190.00  0.00 160.00  0.00 175.00  0.00 0.35500 
4  145.00  0.00 175.00  0.00 155.00  0.00 165.00  0.00 0.54206 
4  145.00  0.00 160.00  0.00 150.00  0.00 155.00  0.00 1.07503 
4  150.00  0.00 285.00  0.00 195.00  0.00 240.00  0.00 0.15379 
4  150.00  0.00 270.00  0.00 190.00  0.00 230.00  0.00 0.16992 
4  150.00  0.00 255.00  0.00 185.00  0.00 220.00  0.00 0.18044 
4  150.00  0.00 240.00  0.00 180.00  0.00 210.00  0.00 0.18030 
4  150.00  0.00 225.00  0.00 175.00  0.00 200.00  0.00 0.17676 
4  150.00  0.00 210.00  0.00 170.00  0.00 190.00  0.00 0.25293 
4  150.00  0.00 195.00  0.00 165.00  0.00 180.00  0.00 0.33976 
4  150.00  0.00 180.00  0.00 160.00  0.00 170.00  0.00 0.52231 
4  150.00  0.00 165.00  0.00 155.00  0.00 160.00  0.00 1.09874 
4  155.00  0.00 290.00  0.00 200.00  0.00 245.00  0.00 0.15162 
4  155.00  0.00 275.00  0.00 195.00  0.00 235.00  0.00 0.16931 
4  155.00  0.00 260.00  0.00 190.00  0.00 225.00  0.00 0.18741 
4  155.00  0.00 245.00  0.00 185.00  0.00 215.00  0.00 0.19698 
4  155.00  0.00 230.00  0.00 180.00  0.00 205.00  0.00 0.18650 
4  155.00  0.00 215.00  0.00 175.00  0.00 195.00  0.00 0.23585 
4  155.00  0.00 200.00  0.00 170.00  0.00 185.00  0.00 0.34082 
4  155.00  0.00 185.00  0.00 165.00  0.00 175.00  0.00 0.51078 
4  155.00  0.00 170.00  0.00 160.00  0.00 165.00  0.00 1.01803 
4  160.00  0.00 295.00  0.00 205.00  0.00 250.00  0.00 0.15353 
4  160.00  0.00 280.00  0.00 200.00  0.00 240.00  0.00 0.17276 
4  160.00  0.00 265.00  0.00 195.00  0.00 230.00  0.00 0.18692 
4  160.00  0.00 250.00  0.00 190.00  0.00 220.00  0.00 0.21202 
4  160.00  0.00 235.00  0.00 185.00  0.00 210.00  0.00 0.20958 
4  160.00  0.00 220.00  0.00 180.00  0.00 200.00  0.00 0.22690 
4  160.00  0.00 205.00  0.00 175.00  0.00 190.00  0.00 0.35273 
4  160.00  0.00 190.00  0.00 170.00  0.00 180.00  0.00 0.49090 
4  160.00  0.00 175.00  0.00 165.00  0.00 170.00  0.00 0.96335 
4  165.00  0.00 300.00  0.00 210.00  0.00 255.00  0.00 0.15677 
4  165.00  0.00 285.00  0.00 205.00  0.00 245.00  0.00 0.17361 
4  165.00  0.00 270.00  0.00 200.00  0.00 235.00  0.00 0.19834 
4  165.00  0.00 255.00  0.00 195.00  0.00 225.00  0.00 0.22039 
4  165.00  0.00 240.00  0.00 190.00  0.00 215.00  0.00 0.23883 
4  165.00  0.00 225.00  0.00 185.00  0.00 205.00  0.00 0.23820 
4  165.00  0.00 210.00  0.00 180.00  0.00 195.00  0.00 0.34291 
4  165.00  0.00 195.00  0.00 175.00  0.00 185.00  0.00 0.51729 
4  165.00  0.00 180.00  0.00 170.00  0.00 175.00  0.00 0.94346 
4  170.00  0.00 305.00  0.00 215.00  0.00 260.00  0.00 0.15731 
4  170.00  0.00 290.00  0.00 210.00  0.00 250.00  0.00 0.16586 
4  170.00  0.00 275.00  0.00 205.00  0.00 240.00  0.00 0.19329 
4  170.00  0.00 260.00  0.00 200.00  0.00 230.00  0.00 0.22621 
4  170.00  0.00 245.00  0.00 195.00  0.00 220.00  0.00 0.26478 
4  170.00  0.00 230.00  0.00 190.00  0.00 210.00  0.00 0.26366 
4  170.00  0.00 215.00  0.00 185.00  0.00 200.00  0.00 0.33412 
4  170.00  0.00 200.00  0.00 180.00  0.00 190.00  0.00 0.56529 
4  170.00  0.00 185.00  0.00 175.00  0.00 180.00  0.00 0.97020 
4  175.00  0.00 310.00  0.00 220.00  0.00 265.00  0.00 0.15263 
4  175.00  0.00 295.00  0.00 215.00  0.00 255.00  0.00 0.16371 
4  175.00  0.00 280.00  0.00 210.00  0.00 245.00  0.00 0.18532 
4  175.00  0.00 265.00  0.00 205.00  0.00 235.00  0.00 0.21776 
4  175.00  0.00 250.00  0.00 200.00  0.00 225.00  0.00 0.26868 
4  175.00  0.00 235.00  0.00 195.00  0.00 215.00  0.00 0.29280 
4  175.00  0.00 220.00  0.00 190.00  0.00 205.00  0.00 0.33701 
4  175.00  0.00 205.00  0.00 185.00  0.00 195.00  0.00 0.56542 
4  175.00  0.00 190.00  0.00 180.00  0.00 185.00  0.00 1.25553 
4  180.00  0.00 315.00  0.00 225.00  0.00 270.00  0.00 0.14374 
4  180.00  0.00 300.00  0.00 220.00  0.00 260.00  0.00 0.15888 
4  180.00  0.00 285.00  0.00 215.00  0.00 250.00  0.00 0.17193 
4  180.00  0.00 270.00  0.00 210.00  0.00 240.00  0.00 0.20884 
4  180.00  0.00 255.00  0.00 205.00  0.00 230.00  0.00 0.25882 
4  180.00  0.00 240.00  0.00 200.00  0.00 220.00  0.00 0.34172 
4  180.00  0.00 225.00  0.00 195.00  0.00 210.00  0.00 0.36818 
4  180.00  0.00 210.00  0.00 190.00  0.00 200.00  0.00 0.53119 
4  180.00  0.00 195.00  0.00 185.00  0.00 190.00  0.00 1.11340 
4  185.00  0.00 305.00  0.00 225.00  0.00 265.00  0.00 0.15381 
4  185.00  0.00 290.00  0.00 220.00  0.00 255.00  0.00 0.16700 
4  185.00  0.00 275.00  0.00 215.00  0.00 245.00  0.00 0.19578 
4  185.00  0.00 260.00  0.00 210.00  0.00 235.00  0.00 0.24932 
4  185.00  0.00 245.00  0.00 205.00  0.00 225.00  0.00 0.34782 
4  185.00  0.00 230.00  0.00 200.00  0.00 215.00  0.00 0.42849 
4  185.00  0.00 215.00  0.00 195.00  0.00 205.00  0.00 0.59942 
4  185.00  0.00 200.00  0.00 190.00  0.00 195.00  0.00 1.29387 
4  190.00  0.00 310.00  0.00 230.00  0.00 270.00  0.00 0.15702 
4  190.00  0.00 295.00  0.00 225.00  0.00 260.00  0.00 0.16457 
4  190.00  0.00 280.00  0.00 220.00  0.00 250.00  0.00 0.17856 
4  190.00  0.00 265.00  0.00 215.00  0.00 240.00  0.00 0.22191 
4  190.00  0.00 250.00  0.00 210.00  0.00 230.00  0.00 0.31984 
4  190.00  0.00 235.00  0.00 205.00  0.00 220.00  0.00 0.46496 
4  190.00  0.00 220.00  0.00 200.00  0.00 210.00  0.00 0.67639 
4  190.00  0.00 205.00  0.00 195.00  0.00 200.00  0.00 1.10185 
4  195.00  0.00 315.00  0.00 235.00  0.00 275.00  0.00 0.15273 
4  195.00  0.00 300.00  0.00 230.00  0.00 265.00  0.00 0.17071 
4  195.00  0.00 285.00  0.00 225.00  0.00 255.00  0.00 0.17394 
4  195.00  0.00 270.00  0.00 220.00  0.00 245.00  0.00 0.20473 
4  195.00  0.00 255.00  0.00 215.00  0.00 235.00  0.00 0.28045 
4  195.00  0.00 240.00  0.00 210.00  0.00 225.00  0.00 0.44463 
4  195.00  0.00 225.00  0.00 205.00  0.00 215.00  0.00 0.65850 
4  195.00  0.00 210.00  0.00 200.00  0.00 205.00  0.00 1.24966 
4  200.00  0.00 305.00  0.00 235.00  0.00 270.00  0.00 0.16737 
4  200.00  0.00 290.00  0.00 230.00  0.00 260.00  0.00 0.17750 
4  200.00  0.00 275.00  0.00 225.00  0.00 250.00  0.00 0.18707 
4  200.00  0.00 260.00  0.00 220.00  0.00 240.00  0.00 0.24119 
4  200.00  0.00 245.00  0.00 215.00  0.00 230.00  0.00 0.39943 
4  200.00  0.00 230.00  0.00 210.00  0.00 220.00  0.00 0.67928 
4  200.00  0.00 215.00  0.00 205.00  0.00 210.00  0.00 1.39898 
4  205.00  0.00 310.00  0.00 240.00  0.00 275.00  0.00 0.17600 
4  205.00  0.00 295.00  0.00 235.00  0.00 265.00  0.00 0.19122 
4  205.00  0.00 280.00  0.00 230.00  0.00 255.00  0.00 0.19950 
4  205.00  0.00 265.00  0.00 225.00  0.00 245.00  0.00 0.22497 
4  205.00  0.00 250.00  0.00 220.00  0.00 235.00  0.00 0.35690 
4  205.00  0.00 235.00  0.00 215.00  0.00 225.00  0.00 0.65074 
4  205.00  0.00 220.00  0.00 210.00  0.00 215.00  0.00 1.38457 
4  210.00  0.00 315.00  0.00 245.00  0.00 280.00  0.00 0.17747 
4  210.00  0.00 300.00  0.00 240.00  0.00 270.00  0.00 0.20055 
4  210.00  0.00 285.00  0.00 235.00  0.00 260.00  0.00 0.21375 
4  210.00  0.00 270.00  0.00 230.00  0.00 250.00  0.00 0.24224 
4  210.00  0.00 255.00  0.00 225.00  0.00 240.00  0.00 0.32469 
4  210.00  0.00 240.00  0.00 220.00  0.00 230.00  0.00 0.60898 
4  210.00  0.00 225.00  0.00 215.00  0.00 220.00  0.00 1.50036 
4  215.00  0.00 305.00  0.00 245.00  0.00 275.00  0.00 0.21331 
4  215.00  0.00 290.00  0.00 240.00  0.00 265.00  0.00 0.24807 
4  215.00  0.00 275.00  0.00 235.00  0.00 255.00  0.00 0.26987 
4  215.00  0.00 260.00  0.00 230.00  0.00 245.00  0.00 0.34119 
4  215.00  0.00 245.00  0.00 225.00  0.00 235.00  0.00 0.56691 
4  215.00  0.00 230.00  0.00 220.00  0.00 225.00  0.00 1.31348 
4  220.00  0.00 310.00  0.00 250.00  0.00 280.00  0.00 0.21858 
4  220.00  0.00 295.00  0.00 245.00  0.00 270.00  0.00 0.25545 
4  220.00  0.00 280.00  0.00 240.00  0.00 260.00  0.00 0.30199 
4  220.00  0.00 265.00  0.00 235.00  0.00 250.00  0.00 0.34566 
4  220.00  0.00 250.00  0.00 230.00  0.00 240.00  0.00 0.57643 
4  220.00  0.00 235.00  0.00 225.00  0.00 230.00  0.00 1.17937 
4  225.00  0.00 315.00  0.00 255.00  0.00 285.00  0.00 0.20379 
4  225.00  0.00 300.00  0.00 250.00  0.00 275.00  0.00 0.25465 
4  225.00  0.00 285.00  0.00 245.00  0.00 265.00  0.00 0.31522 
4  225.00  0.00 270.00  0.00 240.00  0.00 255.00  0.00 0.39502 
4  225.00  0.00 255.00  0.00 235.00  0.00 245.00  0.00 0.53531 
4  225.00  0.00 240.00  0.00 230.00  0.00 235.00  0.00 1.15554 
4  230.00  0.00 305.00  0.00 255.00  0.00 280.00  0.00 0.24948 
4  230.00  0.00 290.00  0.00 250.00  0.00 270.00  0.00 0.30942 
4  230.00  0.00 275.00  0.00 245.00  0.00 260.00  0.00 0.39790 
4  230.00  0.00 260.00  0.00 240.00  0.00 250.00  0.00 0.54051 
4  230.00  0.00 245.00  0.00 235.00  0.00 240.00  0.00 1.08387 
4  235.00  0.00 310.00  0.00 260.00  0.00 285.00  0.00 0.24177 
4  235.00  0.00 295.00  0.00 255.00  0.00 275.00  0.00 0.29867 
4  235.00  0.00 280.00  0.00 250.00  0.00 265.00  0.00 0.41476 
4  235.00  0.00 265.00  0.00 245.00  0.00 255.00  0.00 0.55080 
4  235.00  0.00 250.00  0.00 240.00  0.00 245.00  0.00 1.21577 
4  240.00  0.00 315.00  0.00 265.00  0.00 290.00  0.00 0.21793 
4  240.00  0.00 300.00  0.00 260.00  0.00 280.00  0.00 0.29731 
4  240.00  0.00 285.00  0.00 255.00  0.00 270.00  0.00 0.37306 
4  240.00  0.00 270.00  0.00 250.00  0.00 260.00  0.00 0.59163 
4  240.00  0.00 255.00  0.00 245.00  0.00 250.00  0.00 1.14229 
4  245.00  0.00 305.00  0.00 265.00  0.00 285.00  0.00 0.28227 
4  245.00  0.00 290.00  0.00 260.00  0.00 275.00  0.00 0.39389 
4  245.00  0.00 275.00  0.00 255.00  0.00 265.00  0.00 0.64249 
4  245.00  0.00 260.00  0.00 250.00  0.00 255.00  0.00 1.26164 
4  250.00  0.00 310.00  0.00 270.00  0.00 290.00  0.00 0.27325 
4  250.00  0.00 295.00  0.00 265.00  0.00 280.00  0.00 0.37450 
4  250.00  0.00 280.00  0.00 260.00  0.00 270.00  0.00 0.57841 
4  250.00  0.00 265.00  0.00 255.00  0.00 260.00  0.00 1.07647 
4  255.00  0.00 315.00  0.00 275.00  0.00 295.00  0.00 0.28422 
4  255.00  0.00 300.00  0.00 270.00  0.00 285.00  0.00 0.39444 
4  255.00  0.00 285.00  0.00 265.00  0.00 275.00  0.00 0.54521 
4  255.00  0.00 270.00  0.00 260.00  0.00 265.00  0.00 1.36644 
4  260.00  0.00 305.00  0.00 275.00  0.00 290.00  0.00 0.38439 
4  260.00  0.00 290.00  0.00 270.00  0.00 280.00  0.00 0.62951 
4  260.00  0.00 275.00  0.00 265.00  0.00 270.00  0.00 1.06153 
4  265.00  0.00 310.00  0.00 280.00  0.00 295.00  0.00 0.40961 
4  265.00  0.00 295.00  0.00 275.00  0.00 285.00  0.00 0.67482 
4  265.00  0.00 280.00  0.00 270.00  0.00 275.00  0.00 1.36046 
4  270.00  0.00 315.00  0.00 285.00  0.00 300.00  0.00 0.39796 
4  270.00  0.00 300.00  0.00 280.00  0.00 290.00  0.00 0.58874 
4  270.00  0.00 285.00  0.00 275.00  0.00 280.00  0.00 1.22927 
4  275.00  0.00 305.00  0.00 285.00  0.00 295.00  0.00 0.60809 
4  275.00  0.00 290.00  0.00 280.00  0.00 285.00  0.00 1.27129 
4  280.00  0.00 310.00  0.00 290.00  0.00 300.00  0.00 0.65775 
4  280.00  0.00 295.00  0.00 285.00  0.00 290.00  0.00 1.09362 
4  285.00  0.00 315.00  0.00 295.00  0.00 305.00  0.00 0.59648 
4  285.00  0.00 300.00  0.00 290.00  0.00 295.00  0.00 1.21148 
4  290.00  0.00 305.00  0.00 295.00  0.00 300.00  0.00 1.27987 
4  295.00  0.00 310.00  0.00 300.00  0.00 305.00  0.00 1.12142 
4  300.00  0.00 315.00  0.00 305.00  0.00 310.00  0.00 1.24329 
4  45.00  0.00 90.00  0.00 0.00  0.00 135.00  0.00 0.14501 
4  40.00  0.00 80.00  0.00 0.00  0.00 120.00  0.00 0.14034 
4  35.00  0.00 70.00  0.00 0.00  0.00 105.00  0.00 0.14601 
4  30.00  0.00 60.00  0.00 0.00  0.00 90.00  0.00 0.16710 
4  25.00  0.00 50.00  0.00 0.00  0.00 75.00  0.00 0.21463 
4  20.00  0.00 40.00  0.00 0.00  0.00 60.00  0.00 0.26021 
4  15.00  0.00 30.00  0.00 0.00  0.00 45.00  0.00 0.22504 
4  10.00  0.00 20.00  0.00 0.00  0.00 30.00  0.00 0.51986 
4  5.00  0.00 10.00  0.00 0.00  0.00 15.00  0.00 1.39040 
4  50.00  0.00 95.00  0.00 5.00  0.00 140.00  0.00 0.09049 
4  45.00  0.00 85.00  0.00 5.00  0.00 125.00  0.00 0.11607 
4  40.00  0.00 75.00  0.00 5.00  0.00 110.00  0.00 0.13750 
4  35.00  0.00 65.00  0.00 5.00  0.00 95.00  0.00 0.14792 
4  30.00  0.00 55.00  0.00 5.00  0.00 80.00  0.00 0.19681 
4  25.00  0.00 45.00  0.00 5.00  0.00 65.00  0.00 0.26712 
4  20.00  0.00 35.00  0.00 5.00  0.00 50.00  0.00 0.27189 
4  15.00  0.00 25.00  0.00 5.00  0.00 35.00  0.00 0.33245 
4  10.00  0.00 15.00  0.00 5.00  0.00 20.00  0.00 1.08329 
4  55.00  0.00 100.00  0.00 10.00  0.00 145.00  0.00 0.11053 
4  50.00  0.00 90.00  0.00 10.00  0.00 130.00  0.00 0.12982 
4  45.00  0.00 80.00  0.00 10.00  0.00 115.00  0.00 0.15363 
4  40.00  0.00 70.00  0.00 10.00  0.00 100.00  0.00 0.16273 
4  35.00  0.00 60.00  0.00 10.00  0.00 85.00  0.00 0.19279 
4  30.00  0.00 50.00  0.00 10.00  0.00 70.00  0.00 0.27658 
4  25.00  0.00 40.00  0.00 10.00  0.00 55.00  0.00 0.37545 
4  20.00  0.00 30.00  0.00 10.00  0.00 40.00  0.00 0.43124 
4  15.00  0.00 20.00  0.00 10.00  0.00 25.00  0.00 0.83566 
4  60.00  0.00 105.00  0.00 15.00  0.00 150.00  0.00 0.11632 
4  55.00  0.00 95.00  0.00 15.00  0.00 135.00  0.00 0.14868 
4  50.00  0.00 85.00  0.00 15.00  0.00 120.00  0.00 0.16524 
4  45.00  0.00 75.00  0.00 15.00  0.00 105.00  0.00 0.16152 
4  40.00  0.00 65.00  0.00 15.00  0.00 90.00  0.00 0.18687 
4  35.00  0.00 55.00  0.00 15.00  0.00 75.00  0.00 0.27782 
4  30.00  0.00 45.00  0.00 15.00  0.00 60.00  0.00 0.40804 
4  25.00  0.00 35.00  0.00 15.00  0.00 45.00  0.00 0.57730 
4  20.00  0.00 25.00  0.00 15.00  0.00 30.00  0.00 0.82509 
4  65.00  0.00 110.00  0.00 20.00  0.00 155.00  0.00 0.41243 
4  60.00  0.00 100.00  0.00 20.00  0.00 140.00  0.00 0.12538 
4  55.00  0.00 90.00  0.00 20.00  0.00 125.00  0.00 0.16028 
4  50.00  0.00 80.00  0.00 20.00  0.00 110.00  0.00 0.18850 
4  45.00  0.00 70.00  0.00 20.00  0.00 95.00  0.00 0.19312 
4  40.00  0.00 60.00  0.00 20.00  0.00 80.00  0.00 0.22577 
4  35.00  0.00 50.00  0.00 20.00  0.00 65.00  0.00 0.36332 
4  30.00  0.00 40.00  0.00 20.00  0.00 50.00  0.00 0.65641 
4  25.00  0.00 30.00  0.00 20.00  0.00 35.00  0.00 0.91886 
4  70.00  0.00 115.00  0.00 25.00  0.00 160.00  0.00 0.15913 
4  65.00  0.00 105.00  0.00 25.00  0.00 145.00  0.00 0.12134 
4  60.00  0.00 95.00  0.00 25.00  0.00 130.00  0.00 0.16132 
4  55.00  0.00 85.00  0.00 25.00  0.00 115.00  0.00 0.18690 
4  50.00  0.00 75.00  0.00 25.00  0.00 100.00  0.00 0.20953 
4  45.00  0.00 65.00  0.00 25.00  0.00 85.00  0.00 0.22470 
4  40.00  0.00 55.00  0.00 25.00  0.00 70.00  0.00 0.31674 
4  35.00  0.00 45.00  0.00 25.00  0.00 55.00  0.00 0.50398 
4  30.00  0.00 35.00  0.00 25.00  0.00 40.00  0.00 0.88191 
4  75.00  0.00 120.00  0.00 30.00  0.00 165.00  0.00 0.12343 
4  70.00  0.00 110.00  0.00 30.00  0.00 150.00  0.00 0.30923 
4  65.00  0.00 100.00  0.00 30.00  0.00 135.00  0.00 0.15371 
4  60.00  0.00 90.00  0.00 30.00  0.00 120.00  0.00 0.17387 
4  55.00  0.00 80.00  0.00 30.00  0.00 105.00  0.00 0.21014 
4  50.00  0.00 70.00  0.00 30.00  0.00 90.00  0.00 0.24940 
4  45.00  0.00 60.00  0.00 30.00  0.00 75.00  0.00 0.30990 
4  40.00  0.00 50.00  0.00 30.00  0.00 60.00  0.00 0.46257 
4  35.00  0.00 40.00  0.00 30.00  0.00 45.00  0.00 1.03467 
4  80.00  0.00 125.00  0.00 35.00  0.00 170.00  0.00 0.15410 
4  75.00  0.00 115.00  0.00 35.00  0.00 155.00  0.00 0.14434 
4  70.00  0.00 105.00  0.00 35.00  0.00 140.00  0.00 0.13493 
4  65.00  0.00 95.00  0.00 35.00  0.00 125.00  0.00 0.18485 
4  60.00  0.00 85.00  0.00 35.00  0.00 110.00  0.00 0.24578 
4  55.00  0.00 75.00  0.00 35.00  0.00 95.00  0.00 0.27195 
4  50.00  0.00 65.00  0.00 35.00  0.00 80.00  0.00 0.32677 
4  45.00  0.00 55.00  0.00 35.00  0.00 65.00  0.00 0.57131 
4  40.00  0.00 45.00  0.00 35.00  0.00 50.00  0.00 0.89327 
4  85.00  0.00 130.00  0.00 40.00  0.00 175.00  0.00 0.15857 
4  80.00  0.00 120.00  0.00 40.00  0.00 160.00  0.00 0.15555 
4  75.00  0.00 110.00  0.00 40.00  0.00 145.00  0.00 0.14940 
4  70.00  0.00 100.00  0.00 40.00  0.00 130.00  0.00 0.18175 
4  65.00  0.00 90.00  0.00 40.00  0.00 115.00  0.00 0.24938 
4  60.00  0.00 80.00  0.00 40.00  0.00 100.00  0.00 0.32906 
4  55.00  0.00 70.00  0.00 40.00  0.00 85.00  0.00 0.37682 
4  50.00  0.00 60.00  0.00 40.00  0.00 70.00  0.00 0.62722 
4  45.00  0.00 50.00  0.00 40.00  0.00 55.00  0.00 0.91853 
4  90.00  0.00 135.00  0.00 45.00  0.00 180.00  0.00 0.16560 
4  85.00  0.00 125.00  0.00 45.00  0.00 165.00  0.00 0.15069 
4  80.00  0.00 115.00  0.00 45.00  0.00 150.00  0.00 0.15090 
4  75.00  0.00 105.00  0.00 45.00  0.00 135.00  0.00 0.16403 
4  70.00  0.00 95.00  0.00 45.00  0.00 120.00  0.00 0.21976 
4  65.00  0.00 85.00  0.00 45.00  0.00 105.00  0.00 0.32324 
4  60.00  0.00 75.00  0.00 45.00  0.00 90.00  0.00 0.43090 
4  55.00  0.00 65.00  0.00 45.00  0.00 75.00  0.00 0.63611 
4  50.00  0.00 55.00  0.00 45.00  0.00 60.00  0.00 1.10350 
4  95.00  0.00 140.00  0.00 50.00  0.00 185.00  0.00 0.23397 
4  90.00  0.00 130.00  0.00 50.00  0.00 170.00  0.00 0.15181 
4  85.00  0.00 120.00  0.00 50.00  0.00 155.00  0.00 0.18146 
4  80.00  0.00 110.00  0.00 50.00  0.00 140.00  0.00 0.18806 
4  75.00  0.00 100.00  0.00 50.00  0.00 125.00  0.00 0.18328 
4  70.00  0.00 90.00  0.00 50.00  0.00 110.00  0.00 0.31000 
4  65.00  0.00 80.00  0.00 50.00  0.00 95.00  0.00 0.45696 
4  60.00  0.00 70.00  0.00 50.00  0.00 80.00  0.00 0.67423 
4  55.00  0.00 60.00  0.00 50.00  0.00 65.00  0.00 0.92798 
4  100.00  0.00 145.00  0.00 55.00  0.00 190.00  0.00 0.18905 
4  95.00  0.00 135.00  0.00 55.00  0.00 175.00  0.00 0.15593 
4  90.00  0.00 125.00  0.00 55.00  0.00 160.00  0.00 0.17845 
4  85.00  0.00 115.00  0.00 55.00  0.00 145.00  0.00 0.16655 
4  80.00  0.00 105.00  0.00 55.00  0.00 130.00  0.00 0.18369 
4  75.00  0.00 95.00  0.00 55.00  0.00 115.00  0.00 0.27618 
4  70.00  0.00 85.00  0.00 55.00  0.00 100.00  0.00 0.48429 
4  65.00  0.00 75.00  0.00 55.00  0.00 85.00  0.00 0.74901 
4  60.00  0.00 65.00  0.00 55.00  0.00 70.00  0.00 1.24533 
4  105.00  0.00 150.00  0.00 60.00  0.00 195.00  0.00 0.16599 
4  100.00  0.00 140.00  0.00 60.00  0.00 180.00  0.00 0.16644 
4  95.00  0.00 130.00  0.00 60.00  0.00 165.00  0.00 0.17141 
4  90.00  0.00 120.00  0.00 60.00  0.00 150.00  0.00 0.15616 
4  85.00  0.00 110.00  0.00 60.00  0.00 135.00  0.00 0.27035 
4  80.00  0.00 100.00  0.00 60.00  0.00 120.00  0.00 0.24026 
4  75.00  0.00 90.00  0.00 60.00  0.00 105.00  0.00 0.40312 
4  70.00  0.00 80.00  0.00 60.00  0.00 90.00  0.00 0.76361 
4  65.00  0.00 70.00  0.00 60.00  0.00 75.00  0.00 1.49894 
4  110.00  0.00 155.00  0.00 65.00  0.00 200.00  0.00 0.48004 
4  105.00  0.00 145.00  0.00 65.00  0.00 185.00  0.00 0.18216 
4  100.00  0.00 135.00  0.00 65.00  0.00 170.00  0.00 0.16958 
4  95.00  0.00 125.00  0.00 65.00  0.00 155.00  0.00 0.18891 
4  90.00  0.00 115.00  0.00 65.00  0.00 140.00  0.00 0.19846 
4  85.00  0.00 105.00  0.00 65.00  0.00 125.00  0.00 0.21092 
4  80.00  0.00 95.00  0.00 65.00  0.00 110.00  0.00 0.37171 
4  75.00  0.00 85.00  0.00 65.00  0.00 95.00  0.00 0.79113 
4  70.00  0.00 75.00  0.00 65.00  0.00 80.00  0.00 1.50229 
4  115.00  0.00 160.00  0.00 70.00  0.00 205.00  0.00 0.17926 
4  110.00  0.00 150.00  0.00 70.00  0.00 190.00  0.00 0.10325 
4  105.00  0.00 140.00  0.00 70.00  0.00 175.00  0.00 0.17537 
4  100.00  0.00 130.00  0.00 70.00  0.00 160.00  0.00 0.20056 
4  95.00  0.00 120.00  0.00 70.00  0.00 145.00  0.00 0.21204 
4  90.00  0.00 110.00  0.00 70.00  0.00 130.00  0.00 0.27557 
4  85.00  0.00 100.00  0.00 70.00  0.00 115.00  0.00 0.33320 
4  80.00  0.00 90.00  0.00 70.00  0.00 100.00  0.00 0.71297 
4  75.00  0.00 80.00  0.00 70.00  0.00 85.00  0.00 1.58976 
4  120.00  0.00 165.00  0.00 75.00  0.00 210.00  0.00 0.12652 
4  115.00  0.00 155.00  0.00 75.00  0.00 195.00  0.00 0.17599 
4  110.00  0.00 145.00  0.00 75.00  0.00 180.00  0.00 -0.05417 
4  105.00  0.00 135.00  0.00 75.00  0.00 165.00  0.00 0.19040 
4  100.00  0.00 125.00  0.00 75.00  0.00 150.00  0.00 0.24708 
4  95.00  0.00 115.00  0.00 75.00  0.00 135.00  0.00 0.26392 
4  90.00  0.00 105.00  0.00 75.00  0.00 120.00  0.00 0.33357 
4  85.00  0.00 95.00  0.00 75.00  0.00 105.00  0.00 0.58163 
4  80.00  0.00 85.00  0.00 75.00  0.00 90.00  0.00 1.59015 
4  125.00  0.00 170.00  0.00 80.00  0.00 215.00  0.00 0.20134 
4  120.00  0.00 160.00  0.00 80.00  0.00 200.00  0.00 0.15183 
4  115.00  0.00 150.00  0.00 80.00  0.00 185.00  0.00 0.18988 
4  110.00  0.00 140.00  0.00 80.00  0.00 170.00  0.00 0.22148 
4  105.00  0.00 130.00  0.00 80.00  0.00 155.00  0.00 0.24515 
4  100.00  0.00 120.00  0.00 80.00  0.00 140.00  0.00 0.28956 
4  95.00  0.00 110.00  0.00 80.00  0.00 125.00  0.00 0.21504 
4  90.00  0.00 100.00  0.00 80.00  0.00 110.00  0.00 1.00262 
4  85.00  0.00 90.00  0.00 80.00  0.00 95.00  0.00 1.15788 
4  130.00  0.00 175.00  0.00 85.00  0.00 220.00  0.00 0.15579 
4  125.00  0.00 165.00  0.00 85.00  0.00 205.00  0.00 0.17282 
4  120.00  0.00 155.00  0.00 85.00  0.00 190.00  0.00 0.17175 
4  115.00  0.00 145.00  0.00 85.00  0.00 175.00  0.00 0.21034 
4  110.00  0.00 135.00  0.00 85.00  0.00 160.00  0.00 0.26025 
4  105.00  0.00 125.00  0.00 85.00  0.00 145.00  0.00 0.29860 
4  100.00  0.00 115.00  0.00 85.00  0.00 130.00  0.00 0.39399 
4  95.00  0.00 105.00  0.00 85.00  0.00 115.00  0.00 0.60811 
4  90.00  0.00 95.00  0.00 85.00  0.00 100.00  0.00 1.36504 
4  135.00  0.00 180.00  0.00 90.00  0.00 225.00  0.00 0.15294 
4  130.00  0.00 170.00  0.00 90.00  0.00 210.00  0.00 0.17896 
4  125.00  0.00 160.00  0.00 90.00  0.00 195.00  0.00 0.17469 
4  120.00  0.00 150.00  0.00 90.00  0.00 180.00  0.00 0.18363 
4  115.00  0.00 140.00  0.00 90.00  0.00 165.00  0.00 0.22521 
4  110.00  0.00 130.00  0.00 90.00  0.00 150.00  0.00 0.27163 
4  105.00  0.00 120.00  0.00 90.00  0.00 135.00  0.00 0.35668 
4  100.00  0.00 110.00  0.00 90.00  0.00 120.00  0.00 6.23215 
4  95.00  0.00 100.00  0.00 90.00  0.00 105.00  0.00 0.97297 
4  140.00  0.00 185.00  0.00 95.00  0.00 230.00  0.00 0.13982 
4  135.00  0.00 175.00  0.00 95.00  0.00 215.00  0.00 0.16995 
4  130.00  0.00 165.00  0.00 95.00  0.00 200.00  0.00 0.19543 
4  125.00  0.00 155.00  0.00 95.00  0.00 185.00  0.00 0.18708 
4  120.00  0.00 145.00  0.00 95.00  0.00 170.00  0.00 0.20836 
4  115.00  0.00 135.00  0.00 95.00  0.00 155.00  0.00 0.25668 
4  110.00  0.00 125.00  0.00 95.00  0.00 140.00  0.00 0.29117 
4  105.00  0.00 115.00  0.00 95.00  0.00 125.00  0.00 0.46394 
4  100.00  0.00 105.00  0.00 95.00  0.00 110.00  0.00 1.21040 
4  145.00  0.00 190.00  0.00 100.00  0.00 235.00  0.00 0.13819 
4  140.00  0.00 180.00  0.00 100.00  0.00 220.00  0.00 0.15851 
4  135.00  0.00 170.00  0.00 100.00  0.00 205.00  0.00 0.19396 
4  130.00  0.00 160.00  0.00 100.00  0.00 190.00  0.00 0.19992 
4  125.00  0.00 150.00  0.00 100.00  0.00 175.00  0.00 0.19584 
4  120.00  0.00 140.00  0.00 100.00  0.00 160.00  0.00 0.23163 
4  115.00  0.00 130.00  0.00 100.00  0.00 145.00  0.00 0.32052 
4  110.00  0.00 120.00  0.00 100.00  0.00 130.00  0.00 0.91522 
4  105.00  0.00 110.00  0.00 100.00  0.00 115.00  0.00 0.76605 
4  150.00  0.00 195.00  0.00 105.00  0.00 240.00  0.00 0.13867 
4  145.00  0.00 185.00  0.00 105.00  0.00 225.00  0.00 0.14286 
4  140.00  0.00 175.00  0.00 105.00  0.00 210.00  0.00 0.17899 
4  135.00  0.00 165.00  0.00 105.00  0.00 195.00  0.00 0.21103 
4  130.00  0.00 155.00  0.00 105.00  0.00 180.00  0.00 0.21281 
4  125.00  0.00 145.00  0.00 105.00  0.00 165.00  0.00 0.23700 
4  120.00  0.00 135.00  0.00 105.00  0.00 150.00  0.00 0.28550 
4  115.00  0.00 125.00  0.00 105.00  0.00 135.00  0.00 0.54445 
4  110.00  0.00 115.00  0.00 105.00  0.00 120.00  0.00 1.02253 
4  155.00  0.00 200.00  0.00 110.00  0.00 245.00  0.00 1.48130 
4  150.00  0.00 190.00  0.00 110.00  0.00 230.00  0.00 0.14255 
4  145.00  0.00 180.00  0.00 110.00  0.00 215.00  0.00 0.16649 
4  140.00  0.00 170.00  0.00 110.00  0.00 200.00  0.00 0.22655 
4  135.00  0.00 160.00  0.00 110.00  0.00 185.00  0.00 0.23641 
4  130.00  0.00 150.00  0.00 110.00  0.00 170.00  0.00 0.24109 
4  125.00  0.00 140.00  0.00 110.00  0.00 155.00  0.00 0.26958 
4  120.00  0.00 130.00  0.00 110.00  0.00 140.00  0.00 0.88329 
4  115.00  0.00 120.00  0.00 110.00  0.00 125.00  0.00 0.68024 
4  160.00  0.00 205.00  0.00 115.00  0.00 250.00  0.00 0.14588 
4  155.00  0.00 195.00  0.00 115.00  0.00 235.00  0.00 0.13119 
4  150.00  0.00 185.00  0.00 115.00  0.00 220.00  0.00 0.15287 
4  145.00  0.00 175.00  0.00 115.00  0.00 205.00  0.00 0.19404 
4  140.00  0.00 165.00  0.00 115.00  0.00 190.00  0.00 0.22705 
4  135.00  0.00 155.00  0.00 115.00  0.00 175.00  0.00 0.25588 
4  130.00  0.00 145.00  0.00 115.00  0.00 160.00  0.00 0.32278 
4  125.00  0.00 135.00  0.00 115.00  0.00 145.00  0.00 0.37298 
4  120.00  0.00 125.00  0.00 115.00  0.00 130.00  0.00 1.01075 
4  165.00  0.00 210.00  0.00 120.00  0.00 255.00  0.00 0.26646 
4  160.00  0.00 200.00  0.00 120.00  0.00 240.00  0.00 0.12644 
4  155.00  0.00 190.00  0.00 120.00  0.00 225.00  0.00 0.14858 
4  150.00  0.00 180.00  0.00 120.00  0.00 210.00  0.00 0.18254 
4  145.00  0.00 170.00  0.00 120.00  0.00 195.00  0.00 0.21988 
4  140.00  0.00 160.00  0.00 120.00  0.00 180.00  0.00 0.25141 
4  135.00  0.00 150.00  0.00 120.00  0.00 165.00  0.00 0.32780 
4  130.00  0.00 140.00  0.00 120.00  0.00 150.00  0.00 0.49655 
4  125.00  0.00 130.00  0.00 120.00  0.00 135.00  0.00 0.83548 
4  170.00  0.00 215.00  0.00 125.00  0.00 260.00  0.00 0.16992 
4  165.00  0.00 205.00  0.00 125.00  0.00 245.00  0.00 0.13043 
4  160.00  0.00 195.00  0.00 125.00  0.00 230.00  0.00 0.14628 
4  155.00  0.00 185.00  0.00 125.00  0.00 215.00  0.00 0.18421 
4  150.00  0.00 175.00  0.00 125.00  0.00 200.00  0.00 0.22651 
4  145.00  0.00 165.00  0.00 125.00  0.00 185.00  0.00 0.26829 
4  140.00  0.00 155.00  0.00 125.00  0.00 170.00  0.00 0.32263 
4  135.00  0.00 145.00  0.00 125.00  0.00 155.00  0.00 0.60273 
4  130.00  0.00 135.00  0.00 125.00  0.00 140.00  0.00 0.87848 
4  175.00  0.00 220.00  0.00 130.00  0.00 265.00  0.00 0.16268 
4  170.00  0.00 210.00  0.00 130.00  0.00 250.00  0.00 0.13856 
4  165.00  0.00 200.00  0.00 130.00  0.00 235.00  0.00 0.13842 
4  160.00  0.00 190.00  0.00 130.00  0.00 220.00  0.00 0.16988 
4  155.00  0.00 180.00  0.00 130.00  0.00 205.00  0.00 0.22412 
4  150.00  0.00 170.00  0.00 130.00  0.00 190.00  0.00 0.26936 
4  145.00  0.00 160.00  0.00 130.00  0.00 175.00  0.00 0.31541 
4  140.00  0.00 150.00  0.00 130.00  0.00 160.00  0.00 0.54837 
4  135.00  0.00 140.00  0.00 130.00  0.00 145.00  0.00 1.18747 
4  180.00  0.00 225.00  0.00 135.00  0.00 270.00  0.00 0.16190 
4  175.00  0.00 215.00  0.00 135.00  0.00 255.00  0.00 0.14252 
4  170.00  0.00 205.00  0.00 135.00  0.00 240.00  0.00 0.14237 
4  165.00  0.00 195.00  0.00 135.00  0.00 225.00  0.00 0.15525 
4  160.00  0.00 185.00  0.00 135.00  0.00 210.00  0.00 0.21140 
4  155.00  0.00 175.00  0.00 135.00  0.00 195.00  0.00 0.26192 
4  150.00  0.00 165.00  0.00 135.00  0.00 180.00  0.00 0.32419 
4  145.00  0.00 155.00  0.00 135.00  0.00 165.00  0.00 0.48255 
4  140.00  0.00 145.00  0.00 135.00  0.00 150.00  0.00 1.12993 
4  185.00  0.00 230.00  0.00 140.00  0.00 275.00  0.00 0.30069 
4  180.00  0.00 220.00  0.00 140.00  0.00 260.00  0.00 0.16110 
4  175.00  0.00 210.00  0.00 140.00  0.00 245.00  0.00 0.15296 
4  170.00  0.00 200.00  0.00 140.00  0.00 230.00  0.00 0.15498 
4  165.00  0.00 190.00  0.00 140.00  0.00 215.00  0.00 0.20442 
4  160.00  0.00 180.00  0.00 140.00  0.00 200.00  0.00 0.27505 
4  155.00  0.00 170.00  0.00 140.00  0.00 185.00  0.00 0.36902 
4  150.00  0.00 160.00  0.00 140.00  0.00 170.00  0.00 0.55537 
4  145.00  0.00 150.00  0.00 140.00  0.00 155.00  0.00 1.16322 
4  190.00  0.00 235.00  0.00 145.00  0.00 280.00  0.00 0.17010 
4  185.00  0.00 225.00  0.00 145.00  0.00 265.00  0.00 0.16218 
4  180.00  0.00 215.00  0.00 145.00  0.00 250.00  0.00 0.16660 
4  175.00  0.00 205.00  0.00 145.00  0.00 235.00  0.00 0.16241 
4  170.00  0.00 195.00  0.00 145.00  0.00 220.00  0.00 0.18426 
4  165.00  0.00 185.00  0.00 145.00  0.00 205.00  0.00 0.26785 
4  160.00  0.00 175.00  0.00 145.00  0.00 190.00  0.00 0.35832 
4  155.00  0.00 165.00  0.00 145.00  0.00 175.00  0.00 0.58100 
4  150.00  0.00 155.00  0.00 145.00  0.00 160.00  0.00 1.06846 
4  195.00  0.00 240.00  0.00 150.00  0.00 285.00  0.00 0.16578 
4  190.00  0.00 230.00  0.00 150.00  0.00 270.00  0.00 0.17053 
4  185.00  0.00 220.00  0.00 150.00  0.00 255.00  0.00 0.17903 
4  180.00  0.00 210.00  0.00 150.00  0.00 240.00  0.00 0.18035 
4  175.00  0.00 200.00  0.00 150.00  0.00 225.00  0.00 0.17678 
4  170.00  0.00 190.00  0.00 150.00  0.00 210.00  0.00 0.25340 
4  165.00  0.00 180.00  0.00 150.00  0.00 195.00  0.00 0.33919 
4  160.00  0.00 170.00  0.00 150.00  0.00 180.00  0.00 0.56939 
4  155.00  0.00 160.00  0.00 150.00  0.00 165.00  0.00 1.09548 
4  200.00  0.00 245.00  0.00 155.00  0.00 290.00  0.00 0.17888 
4  195.00  0.00 235.00  0.00 155.00  0.00 275.00  0.00 0.16997 
4  190.00  0.00 225.00  0.00 155.00  0.00 260.00  0.00 0.18794 
4  185.00  0.00 215.00  0.00 155.00  0.00 245.00  0.00 0.19703 
4  180.00  0.00 205.00  0.00 155.00  0.00 230.00  0.00 0.18667 
4  175.00  0.00 195.00  0.00 155.00  0.00 215.00  0.00 0.23465 
4  170.00  0.00 185.00  0.00 155.00  0.00 200.00  0.00 0.33679 
4  165.00  0.00 175.00  0.00 155.00  0.00 185.00  0.00 0.42272 
4  160.00  0.00 165.00  0.00 155.00  0.00 170.00  0.00 1.02008 
4  205.00  0.00 250.00  0.00 160.00  0.00 295.00  0.00 0.16969 
4  200.00  0.00 240.00  0.00 160.00  0.00 280.00  0.00 0.17209 
4  195.00  0.00 230.00  0.00 160.00  0.00 265.00  0.00 0.18944 
4  190.00  0.00 220.00  0.00 160.00  0.00 250.00  0.00 0.21113 
4  185.00  0.00 210.00  0.00 160.00  0.00 235.00  0.00 0.21010 
4  180.00  0.00 200.00  0.00 160.00  0.00 220.00  0.00 0.22410 
4  175.00  0.00 190.00  0.00 160.00  0.00 205.00  0.00 0.35472 
4  170.00  0.00 180.00  0.00 160.00  0.00 190.00  0.00 0.54329 
4  165.00  0.00 170.00  0.00 160.00  0.00 175.00  0.00 0.95798 
4  210.00  0.00 255.00  0.00 165.00  0.00 300.00  0.00 0.20722 
4  205.00  0.00 245.00  0.00 165.00  0.00 285.00  0.00 0.17235 
4  200.00  0.00 235.00  0.00 165.00  0.00 270.00  0.00 0.19996 
4  195.00  0.00 225.00  0.00 165.00  0.00 255.00  0.00 0.22111 
4  190.00  0.00 215.00  0.00 165.00  0.00 240.00  0.00 0.23937 
4  185.00  0.00 205.00  0.00 165.00  0.00 225.00  0.00 0.23437 
4  180.00  0.00 195.00  0.00 165.00  0.00 210.00  0.00 0.34209 
4  175.00  0.00 185.00  0.00 165.00  0.00 195.00  0.00 0.56160 
4  170.00  0.00 175.00  0.00 165.00  0.00 180.00  0.00 0.94001 
4  215.00  0.00 260.00  0.00 170.00  0.00 305.00  0.00 0.18831 
4  210.00  0.00 250.00  0.00 170.00  0.00 290.00  0.00 0.16467 
4  205.00  0.00 240.00  0.00 170.00  0.00 275.00  0.00 0.19328 
4  200.00  0.00 230.00  0.00 170.00  0.00 260.00  0.00 0.22449 
4  195.00  0.00 220.00  0.00 170.00  0.00 245.00  0.00 0.26667 
4  190.00  0.00 210.00  0.00 170.00  0.00 230.00  0.00 0.26169 
4  185.00  0.00 200.00  0.00 170.00  0.00 215.00  0.00 0.33568 
4  180.00  0.00 190.00  0.00 170.00  0.00 200.00  0.00 0.61875 
4  175.00  0.00 180.00  0.00 170.00  0.00 185.00  0.00 0.96598 
4  220.00  0.00 265.00  0.00 175.00  0.00 310.00  0.00 0.24350 
4  215.00  0.00 255.00  0.00 175.00  0.00 295.00  0.00 0.16283 
4  210.00  0.00 245.00  0.00 175.00  0.00 280.00  0.00 0.18503 
4  205.00  0.00 235.00  0.00 175.00  0.00 265.00  0.00 0.22263 
4  200.00  0.00 225.00  0.00 175.00  0.00 250.00  0.00 0.27839 
4  195.00  0.00 215.00  0.00 175.00  0.00 235.00  0.00 0.29793 
4  190.00  0.00 205.00  0.00 175.00  0.00 220.00  0.00 0.33557 
4  185.00  0.00 195.00  0.00 175.00  0.00 205.00  0.00 0.60119 
4  180.00  0.00 185.00  0.00 175.00  0.00 190.00  0.00 1.16253 
4  225.00  0.00 270.00  0.00 180.00  0.00 315.00  0.00 0.16687 
4  220.00  0.00 260.00  0.00 180.00  0.00 300.00  0.00 0.15754 
4  215.00  0.00 250.00  0.00 180.00  0.00 285.00  0.00 0.17185 
4  210.00  0.00 240.00  0.00 180.00  0.00 270.00  0.00 0.20675 
4  205.00  0.00 230.00  0.00 180.00  0.00 255.00  0.00 0.26076 
4  200.00  0.00 220.00  0.00 180.00  0.00 240.00  0.00 0.34224 
4  195.00  0.00 210.00  0.00 180.00  0.00 225.00  0.00 0.36747 
4  190.00  0.00 200.00  0.00 180.00  0.00 210.00  0.00 0.61637 
4  185.00  0.00 190.00  0.00 180.00  0.00 195.00  0.00 1.10209 
4  225.00  0.00 265.00  0.00 185.00  0.00 305.00  0.00 0.71841 
4  220.00  0.00 255.00  0.00 185.00  0.00 290.00  0.00 0.17111 
4  215.00  0.00 245.00  0.00 185.00  0.00 275.00  0.00 0.19811 
4  210.00  0.00 235.00  0.00 185.00  0.00 260.00  0.00 0.24894 
4  205.00  0.00 225.00  0.00 185.00  0.00 245.00  0.00 0.35043 
4  200.00  0.00 215.00  0.00 185.00  0.00 230.00  0.00 0.43072 
4  195.00  0.00 205.00  0.00 185.00  0.00 215.00  0.00 0.64179 
4  190.00  0.00 195.00  0.00 185.00  0.00 200.00  0.00 1.23089 
4  230.00  0.00 270.00  0.00 190.00  0.00 310.00  0.00 0.18308 
4  225.00  0.00 260.00  0.00 190.00  0.00 295.00  0.00 0.16317 
4  220.00  0.00 250.00  0.00 190.00  0.00 280.00  0.00 0.17458 
4  215.00  0.00 240.00  0.00 190.00  0.00 265.00  0.00 0.22454 
4  210.00  0.00 230.00  0.00 190.00  0.00 250.00  0.00 0.31900 
4  205.00  0.00 220.00  0.00 190.00  0.00 235.00  0.00 0.46411 
4  200.00  0.00 210.00  0.00 190.00  0.00 220.00  0.00 0.74036 
4  195.00  0.00 200.00  0.00 190.00  0.00 205.00  0.00 1.09703 
4  235.00  0.00 275.00  0.00 195.00  0.00 315.00  0.00 0.17937 
4  230.00  0.00 265.00  0.00 195.00  0.00 300.00  0.00 0.18278 
4  225.00  0.00 255.00  0.00 195.00  0.00 285.00  0.00 0.17223 
4  220.00  0.00 245.00  0.00 195.00  0.00 270.00  0.00 0.20367 
4  215.00  0.00 235.00  0.00 195.00  0.00 255.00  0.00 0.28099 
4  210.00  0.00 225.00  0.00 195.00  0.00 240.00  0.00 0.44412 
4  205.00  0.00 215.00  0.00 195.00  0.00 225.00  0.00 0.71683 
4  200.00  0.00 205.00  0.00 195.00  0.00 210.00  0.00 1.24401 
4  235.00  0.00 270.00  0.00 200.00  0.00 305.00  0.00 0.22587 
4  230.00  0.00 260.00  0.00 200.00  0.00 290.00  0.00 0.17855 
4  225.00  0.00 250.00  0.00 200.00  0.00 275.00  0.00 0.18850 
4  220.00  0.00 240.00  0.00 200.00  0.00 260.00  0.00 0.24069 
4  215.00  0.00 230.00  0.00 200.00  0.00 245.00  0.00 0.39972 
4  210.00  0.00 220.00  0.00 200.00  0.00 230.00  0.00 0.73805 
4  205.00  0.00 210.00  0.00 200.00  0.00 215.00  0.00 1.40013 
4  240.00  0.00 275.00  0.00 205.00  0.00 310.00  0.00 0.18298 
4  235.00  0.00 265.00  0.00 205.00  0.00 295.00  0.00 0.19273 
4  230.00  0.00 255.00  0.00 205.00  0.00 280.00  0.00 0.19947 
4  225.00  0.00 245.00  0.00 205.00  0.00 265.00  0.00 0.22673 
4  220.00  0.00 235.00  0.00 205.00  0.00 250.00  0.00 0.35493 
4  215.00  0.00 225.00  0.00 205.00  0.00 235.00  0.00 0.71651 
4  210.00  0.00 215.00  0.00 205.00  0.00 220.00  0.00 1.37692 
4  245.00  0.00 280.00  0.00 210.00  0.00 315.00  0.00 0.20185 
4  240.00  0.00 270.00  0.00 210.00  0.00 300.00  0.00 0.20192 
4  235.00  0.00 260.00  0.00 210.00  0.00 285.00  0.00 0.21355 
4  230.00  0.00 250.00  0.00 210.00  0.00 270.00  0.00 0.23847 
4  225.00  0.00 240.00  0.00 210.00  0.00 255.00  0.00 0.32543 
4  220.00  0.00 230.00  0.00 210.00  0.00 240.00  0.00 0.64499 
4  215.00  0.00 220.00  0.00 210.00  0.00 225.00  0.00 1.49814 
4  245.00  0.00 275.00  0.00 215.00  0.00 305.00  0.00 0.22800 
4  240.00  0.00 265.00  0.00 215.00  0.00 290.00  0.00 0.25573 
4  235.00  0.00 255.00  0.00 215.00  0.00 275.00  0.00 0.27140 
4  230.00  0.00 245.00  0.00 215.00  0.00 260.00  0.00 0.34285 
4  225.00  0.00 235.00  0.00 215.00  0.00 245.00  0.00 0.60902 
4  220.00  0.00 225.00  0.00 215.00  0.00 230.00  0.00 1.30986 
4  250.00  0.00 280.00  0.00 220.00  0.00 310.00  0.00 0.23339 
4  245.00  0.00 270.00  0.00 220.00  0.00 295.00  0.00 0.25614 
4  240.00  0.00 260.00  0.00 220.00  0.00 280.00  0.00 0.30303 
4  235.00  0.00 250.00  0.00 220.00  0.00 265.00  0.00 0.34443 
4  230.00  0.00 240.00  0.00 220.00  0.00 250.00  0.00 0.61138 
4  225.00  0.00 230.00  0.00 220.00  0.00 235.00  0.00 1.17624 
4  255.00  0.00 285.00  0.00 225.00  0.00 315.00  0.00 0.22144 
4  250.00  0.00 275.00  0.00 225.00  0.00 300.00  0.00 0.25329 
4  245.00  0.00 265.00  0.00 225.00  0.00 285.00  0.00 0.32013 
4  240.00  0.00 255.00  0.00 225.00  0.00 270.00  0.00 0.39580 
4  235.00  0.00 245.00  0.00 225.00  0.00 255.00  0.00 0.56205 
4  230.00  0.00 235.00  0.00 225.00  0.00 240.00  0.00 1.15273 
4  255.00  0.00 280.00  0.00 230.00  0.00 305.00  0.00 0.27019 
4  250.00  0.00 270.00  0.00 230.00  0.00 290.00  0.00 0.31101 
4  245.00  0.00 260.00  0.00 230.00  0.00 275.00  0.00 0.39782 
4  240.00  0.00 250.00  0.00 230.00  0.00 260.00  0.00 0.57069 
4  235.00  0.00 240.00  0.00 230.00  0.00 245.00  0.00 1.07785 
4  260.00  0.00 285.00  0.00 235.00  0.00 310.00  0.00 0.26537 
4  255.00  0.00 275.00  0.00 235.00  0.00 295.00  0.00 0.30140 
4  250.00  0.00 265.00  0.00 235.00  0.00 280.00  0.00 0.41693 
4  245.00  0.00 255.00  0.00 235.00  0.00 265.00  0.00 1.23902 
4  240.00  0.00 245.00  0.00 235.00  0.00 250.00  0.00 1.21326 
4  265.00  0.00 290.00  0.00 240.00  0.00 315.00  0.00 0.47862 
4  260.00  0.00 280.00  0.00 240.00  0.00 300.00  0.00 0.29745 
4  255.00  0.00 270.00  0.00 240.00  0.00 285.00  0.00 0.37406 
4  250.00  0.00 260.00  0.00 240.00  0.00 270.00  0.00 0.62511 
4  245.00  0.00 250.00  0.00 240.00  0.00 255.00  0.00 1.13516 
4  265.00  0.00 285.00  0.00 245.00  0.00 305.00  0.00 0.64468 
4  260.00  0.00 275.00  0.00 245.00  0.00 290.00  0.00 0.39400 
4  255.00  0.00 265.00  0.00 245.00  0.00 275.00  0.00 0.83119 
4  250.00  0.00 255.00  0.00 245.00  0.00 260.00  0.00 1.25374 
4  270.00  0.00 290.00  0.00 250.00  0.00 310.00  0.00 0.30895 
4  265.00  0.00 280.00  0.00 250.00  0.00 295.00  0.00 0.37218 
4  260.00  0.00 270.00  0.00 250.00  0.00 280.00  0.00 0.59767 
4  255.00  0.00 260.00  0.00 250.00  0.00 265.00  0.00 1.07308 
4  275.00  0.00 295.00  0.00 255.00  0.00 315.00  0.00 0.30809 
4  270.00  0.00 285.00  0.00 255.00  0.00 300.00  0.00 0.39412 
4  265.00  0.00 275.00  0.00 255.00  0.00 285.00  0.00 0.87278 
4  260.00  0.00 265.00  0.00 255.00  0.00 270.00  0.00 1.36293 
4  275.00  0.00 290.00  0.00 260.00  0.00 305.00  0.00 0.41087 
4  270.00  0.00 280.00  0.00 260.00  0.00 290.00  0.00 0.65988 
4  265.00  0.00 270.00  0.00 260.00  0.00 275.00  0.00 1.06055 
4  280.00  0.00 295.00  0.00 265.00  0.00 310.00  0.00 0.77688 
4  275.00  0.00 285.00  0.00 265.00  0.00 295.00  0.00 0.69306 
4  270.00  0.00 275.00  0.00 265.00  0.00 280.00  0.00 1.36837 
4  285.00  0.00 300.00  0.00 270.00  0.00 315.00  0.00 0.43367 
4  280.00  0.00 290.00  0.00 270.00  0.00 300.00  0.00 0.62393 
4  275.00  0.00 280.00  0.00 270.00  0.00 285.00  0.00 1.23195 
4  285.00  0.00 295.00  0.00 275.00  0.00 305.00  0.00 0.66885 
4  280.00  0.00 285.00  0.00 275.00  0.00 290.00  0.00 1.27029 
4  290.00  0.00 300.00  0.00 280.00  0.00 310.00  0.00 0.65986 
4  285.00  0.00 290.00  0.00 280.00  0.00 295.00  0.00 1.09429 
4  295.00  0.00 305.00  0.00 285.00  0.00 315.00  0.00 0.64528 
4  290.00  0.00 295.00  0.00 285.00  0.00 300.00  0.00 1.21086 
4  295.00  0.00 300.00  0.00 290.00  0.00 305.00  0.00 1.33039 
4  300.00  0.00 305.00  0.00 295.00  0.00 310.00  0.00 1.12789 
4  305.00  0.00 310.00  0.00 300.00  0.00 315.00  0.00 1.25609 
0
0
0
0
